(173, 283)(209, 75, 86)
(238, 344)(27, 110, 237)
(259, 173)(11, 140, 215)
(287, 167)(49, 209, 101)
(469, 181)(11, 217, 70)
(401, 132)(68, 47, 89)
(369, 206)(46, 141, 215)
(440, 251)(37, 116, 0)
(422, 277)(206, 205, 73)
(346, 359)(104, 212, 240)
(324, 460)(199, 194, 5)
(391, 505)(80, 16, 75)
(418, 412)(171, 97, 38)
(518, 456)(220, 1, 151)
(550, 446)(29, 121, 13)
(617, 344)(94, 183, 229)
(625, 285)(92, 57, 173)
(513, 560)(194, 190, 128)
(471, 570)(237, 80, 223)
(572, 583)(252, 201, 141)
(601, 544)(207, 98, 107)
(642, 444)(11, 221, 79)
(695, 375)(5, 17, 175)
(670, 196)(46, 214, 131)
(682, 163)(22, 15, 38)
(815, 157)(47, 13, 51)
(795, 134)(29, 188, 33)
(760, 269)(53, 182, 81)
(748, 236)(7, 185, 97)
(736, 204)(54, 251, 22)
(701, 446)(31, 190, 30)
(772, 518)(93, 205, 242)
(782, 475)(67, 19, 166)
(793, 452)(86, 111, 189)
(837, 522)(83, 163, 112)
(872, 507)(147, 89, 110)
(892, 499)(167, 156, 15)
(1039, 520)(20, 101, 247)
(1004, 583)(27, 15, 55)
(896, 405)(30, 48, 10)
(931, 432)(18, 204, 221)
(907, 289)(227, 235, 132)
(998, 255)(22, 75, 76)
(1057, 187)(89, 150, 92)
(1049, 269)(115, 203, 87)
(1070, 306)(226, 67, 61)
(1155, 297)(117, 110, 165)
(1169, 279)(153, 125, 9)
(1145, 497)(243, 158, 130)
(1277, 511)(173, 107, 115)
(917, 654)(216, 7, 182)
(1129, 636)(206, 43, 216)
(1363, 609)(166, 137, 113)
(1440, 630)(82, 240, 88)
(1554, 570)(243, 98, 176)
(1510, 536)(141, 252, 106)
(1565, 497)(191, 239, 227)
(1400, 481)(188, 188, 252)
(1351, 485)(181, 164, 98)
(1341, 460)(3, 22, 156)
(1288, 475)(53, 0, 11)
(1259, 369)(117, 214, 10)
(1255, 308)(53, 0, 86)
(1253, 289)(104, 191, 170)
(1173, 149)(209, 130, 194)
(1330, 169)(248, 133, 203)
(1375, 145)(248, 11, 39)
(1449, 165)(73, 30, 50)
(1544, 157)(17, 120, 25)
(1469, 224)(181, 140, 110)
(1502, 271)(130, 21, 2)
(1469, 308)(27, 142, 151)
(1308, 285)(103, 196, 168)
(1465, 342)(132, 217, 131)
(1422, 426)(227, 63, 26)
(1628, 562)(225, 173, 98)
(1634, 405)(52, 96, 24)
(1614, 287)(139, 150, 199)
(1689, 210)(166, 58, 233)
(1697, 183)(108, 199, 192)
(1740, 206)(83, 160, 229)
(1772, 194)(185, 127, 165)
(1828, 141)(0, 41, 101)
(1901, 136)(53, 68, 233)
(1978, 200)(79, 63, 54)
(2029, 251)(77, 220, 119)
(2056, 220)(56, 223, 191)
(1954, 240)(181, 200, 37)
(1858, 261)(146, 233, 120)
(1872, 318)(24, 132, 180)
(1938, 304)(221, 221, 43)
(1962, 289)(63, 78, 174)
(1897, 403)(172, 185, 166)
(1848, 414)(39, 146, 253)
(1766, 369)(237, 23, 150)
(1746, 450)(51, 68, 34)
(1801, 446)(142, 153, 114)
(1756, 562)(135, 200, 207)
(1823, 524)(115, 16, 209)
(1882, 556)(71, 42, 95)
(1874, 520)(26, 166, 40)
(1895, 507)(17, 233, 253)
(1921, 495)(147, 76, 37)
(2011, 546)(168, 231, 24)
(2054, 420)(5, 66, 188)
(1815, 646)(231, 154, 72)
(1903, 627)(8, 251, 221)
(1991, 682)(76, 208, 37)
(2029, 672)(74, 148, 140)
(2033, 636)(192, 112, 110)
(2070, 607)(212, 244, 129)
(1697, 660)(237, 158, 71)
(1660, 672)(2, 137, 192)
(1646, 648)(170, 191, 90)
(1764, 717)(34, 28, 193)
(1893, 715)(209, 52, 50)
(1870, 746)(73, 203, 191)
(1685, 752)(125, 173, 236)
(1663, 772)(92, 56, 219)
(1905, 764)(58, 154, 168)
(1815, 813)(206, 107, 252)
(1809, 860)(9, 31, 161)
(1752, 825)(152, 242, 70)
(1703, 843)(150, 182, 241)
(1616, 915)(232, 3, 226)
(1660, 921)(32, 69, 179)
(1654, 968)(10, 142, 212)
(1650, 994)(57, 151, 228)
(1713, 1082)(151, 162, 111)
(1805, 1027)(71, 170, 206)
(1838, 988)(129, 190, 214)
(1748, 1061)(179, 217, 34)
(1720, 903)(13, 202, 236)
(1738, 878)(205, 174, 126)
(1860, 905)(32, 60, 154)
(1872, 848)(183, 138, 234)
(1903, 846)(246, 66, 168)
(1874, 807)(215, 106, 174)
(1925, 882)(52, 198, 8)
(1964, 960)(170, 216, 131)
(1984, 1027)(116, 101, 58)
(1942, 1055)(110, 1, 103)
(1935, 1019)(77, 163, 57)
(1972, 1002)(234, 196, 159)
(2060, 715)(106, 32, 182)
(2074, 931)(221, 167, 226)
(1988, 1123)(104, 177, 159)
(1964, 1104)(253, 209, 194)
(1950, 1200)(33, 150, 248)
(1864, 1147)(187, 21, 173)
(1736, 1137)(202, 181, 211)
(1695, 1149)(116, 193, 63)
(1722, 1180)(217, 245, 221)
(1632, 1184)(50, 33, 220)
(1591, 1137)(201, 199, 111)
(1518, 1123)(50, 30, 210)
(1567, 1149)(154, 185, 125)
(1544, 1082)(96, 94, 41)
(1542, 1031)(100, 126, 229)
(1542, 909)(191, 204, 238)
(1497, 954)(204, 238, 218)
(1495, 911)(186, 38, 126)
(1559, 874)(28, 56, 111)
(1475, 1009)(76, 234, 41)
(1471, 978)(191, 46, 92)
(1367, 1051)(21, 226, 185)
(1391, 1004)(223, 79, 151)
(1363, 956)(197, 151, 54)
(1442, 860)(96, 64, 32)
(1434, 943)(254, 65, 210)
(1540, 660)(14, 10, 155)
(1573, 703)(166, 118, 134)
(1477, 701)(184, 48, 50)
(1398, 793)(184, 174, 211)
(1355, 835)(252, 171, 168)
(1369, 819)(47, 155, 21)
(1318, 900)(59, 251, 75)
(1316, 829)(24, 211, 189)
(1281, 776)(16, 156, 145)
(1322, 736)(22, 65, 140)
(1312, 689)(66, 178, 238)
(1373, 719)(137, 253, 121)
(1108, 854)(154, 157, 188)
(1143, 846)(204, 12, 214)
(1133, 807)(62, 36, 102)
(1186, 733)(206, 152, 182)
(1216, 676)(94, 120, 203)
(1127, 680)(116, 149, 106)
(962, 685)(28, 203, 183)
(1023, 717)(79, 62, 221)
(1104, 766)(37, 8, 53)
(1078, 760)(74, 18, 133)
(1090, 723)(250, 123, 31)
(1076, 913)(193, 121, 59)
(1021, 888)(216, 162, 200)
(1015, 915)(89, 28, 102)
(1002, 931)(44, 206, 132)
(1033, 1029)(231, 199, 1)
(1092, 1104)(129, 240, 185)
(1163, 1106)(140, 26, 101)
(1029, 1102)(198, 217, 185)
(1015, 1072)(65, 6, 172)
(966, 1106)(184, 154, 69)
(988, 1127)(183, 177, 194)
(935, 1114)(129, 154, 21)
(898, 1108)(213, 68, 245)
(858, 1106)(140, 117, 126)
(823, 1129)(169, 188, 102)
(770, 1084)(236, 142, 164)
(668, 1059)(165, 197, 75)
(738, 1017)(83, 30, 67)
(890, 1055)(153, 64, 236)
(921, 1080)(76, 82, 214)
(953, 1019)(152, 155, 58)
(862, 986)(106, 197, 238)
(856, 945)(174, 191, 55)
(931, 880)(114, 43, 181)
(901, 864)(197, 213, 183)
(841, 843)(143, 13, 30)
(884, 693)(212, 8, 90)
(760, 634)(174, 77, 41)
(725, 642)(238, 139, 232)
(680, 683)(15, 68, 144)
(654, 788)(197, 121, 252)
(731, 805)(116, 58, 116)
(693, 846)(125, 4, 68)
(695, 868)(73, 238, 44)
(709, 929)(58, 32, 130)
(689, 980)(130, 106, 216)
(831, 1011)(115, 132, 57)
(609, 888)(165, 109, 6)
(595, 848)(55, 160, 202)
(562, 854)(132, 97, 184)
(560, 1021)(121, 127, 18)
(477, 1064)(217, 74, 43)
(434, 1090)(171, 95, 118)
(489, 1119)(210, 52, 111)
(275, 1059)(140, 72, 169)
(332, 1029)(116, 125, 179)
(395, 1004)(196, 52, 1)
(391, 972)(42, 131, 35)
(414, 956)(149, 200, 51)
(464, 949)(156, 164, 104)
(359, 1019)(130, 10, 87)
(255, 945)(108, 41, 188)
(255, 772)(160, 182, 97)
(240, 691)(138, 157, 205)
(191, 627)(30, 10, 123)
(293, 605)(242, 38, 12)
(342, 638)(19, 75, 48)
(318, 666)(65, 148, 145)
(340, 703)(224, 36, 129)
(293, 766)(222, 202, 199)
(387, 762)(171, 16, 89)
(277, 691)(127, 106, 9)
(383, 687)(230, 37, 28)
(446, 638)(188, 3, 234)
(625, 644)(229, 107, 222)
(483, 788)(226, 49, 121)
(475, 843)(147, 23, 143)
(169, 1125)(38, 137, 68)
(216, 1119)(62, 114, 167)
(232, 1143)(36, 250, 173)
(265, 1173)(42, 79, 110)
(253, 1294)(232, 253, 212)
(196, 1343)(169, 142, 104)
(236, 1493)(77, 189, 78)
(314, 1481)(230, 186, 227)
(354, 1455)(104, 141, 152)
(369, 1495)(119, 104, 144)
(210, 1642)(221, 113, 168)
(149, 1618)(129, 199, 173)
(132, 1697)(244, 232, 97)
(149, 1880)(217, 220, 202)
(163, 1848)(234, 77, 187)
(189, 1889)(137, 134, 252)
(169, 1970)(199, 115, 234)
(187, 1935)(253, 61, 73)
(216, 1936)(79, 45, 62)
(226, 2031)(120, 13, 142)
(365, 2011)(111, 203, 163)
(346, 1974)(221, 122, 207)
(357, 1956)(234, 198, 187)
(381, 2029)(13, 125, 98)
(601, 1966)(191, 243, 125)
(536, 1876)(126, 150, 47)
(593, 1868)(55, 42, 2)
(418, 1921)(152, 198, 199)
(405, 1815)(240, 170, 13)
(373, 1736)(204, 177, 168)
(261, 1675)(81, 176, 215)
(460, 1593)(227, 220, 230)
(522, 1693)(99, 140, 162)
(548, 1740)(173, 146, 174)
(605, 1750)(236, 1, 33)
(619, 1705)(43, 111, 65)
(593, 1644)(244, 72, 62)
(570, 1554)(211, 175, 0)
(481, 1512)(135, 147, 212)
(593, 1587)(63, 48, 17)
(395, 1471)(235, 9, 86)
(420, 1449)(222, 233, 242)
(391, 1406)(27, 232, 148)
(442, 1392)(100, 99, 209)
(469, 1447)(117, 129, 89)
(499, 1455)(132, 236, 41)
(302, 1245)(12, 165, 167)
(340, 1218)(84, 47, 170)
(338, 1165)(78, 15, 203)
(381, 1212)(126, 249, 160)
(387, 1279)(45, 128, 241)
(405, 1253)(241, 85, 77)
(422, 1279)(22, 251, 61)
(524, 1314)(77, 79, 145)
(540, 1339)(108, 170, 172)
(587, 1261)(201, 193, 204)
(566, 1171)(85, 161, 115)
(638, 1273)(252, 232, 22)
(652, 1332)(183, 181, 140)
(685, 1178)(37, 240, 34)
(778, 1210)(6, 180, 203)
(876, 1212)(244, 42, 247)
(845, 1204)(109, 47, 94)
(846, 1171)(130, 183, 159)
(929, 1227)(38, 24, 99)
(827, 1275)(238, 221, 237)
(784, 1308)(12, 153, 146)
(711, 1392)(159, 14, 30)
(829, 1339)(170, 110, 23)
(990, 1312)(117, 73, 216)
(1070, 1249)(71, 105, 63)
(954, 1367)(61, 53, 155)
(933, 1381)(14, 232, 101)
(878, 1418)(190, 68, 95)
(703, 1514)(193, 173, 165)
(693, 1544)(82, 157, 109)
(799, 1534)(236, 97, 201)
(905, 1463)(128, 225, 230)
(933, 1506)(133, 88, 220)
(1019, 1467)(75, 140, 86)
(1033, 1444)(198, 128, 41)
(1045, 1394)(85, 86, 108)
(972, 1579)(58, 223, 82)
(945, 1563)(75, 43, 212)
(841, 1630)(138, 232, 125)
(742, 1640)(0, 76, 214)
(727, 1597)(129, 219, 185)
(709, 1703)(93, 178, 31)
(654, 1828)(249, 240, 234)
(642, 1895)(166, 204, 92)
(636, 2001)(109, 43, 144)
(703, 1919)(212, 90, 237)
(733, 1895)(153, 165, 59)
(731, 1936)(161, 254, 78)
(758, 1952)(33, 51, 172)
(791, 2011)(253, 198, 228)
(935, 2015)(62, 194, 228)
(966, 1995)(170, 114, 16)
(819, 2027)(174, 138, 141)
(1033, 1948)(64, 224, 167)
(1123, 2001)(152, 181, 32)
(1066, 1952)(166, 187, 209)
(1116, 1925)(199, 41, 48)
(1204, 1944)(248, 200, 175)
(1222, 1970)(26, 55, 206)
(1237, 1927)(92, 8, 81)
(1322, 2039)(100, 28, 58)
(1394, 2033)(230, 236, 247)
(1414, 2039)(85, 41, 102)
(1526, 2058)(21, 170, 250)
(1612, 2070)(161, 114, 15)
(1589, 2015)(149, 248, 5)
(1744, 2070)(70, 63, 115)
(1872, 2070)(243, 7, 192)
(1964, 2025)(253, 157, 25)
(2021, 1988)(56, 111, 86)
(2052, 2005)(218, 138, 33)
(2043, 1815)(209, 12, 196)
(1990, 1609)(132, 20, 29)
(1993, 1889)(90, 128, 117)
(1946, 1882)(25, 133, 126)
(1964, 1868)(85, 64, 197)
(1962, 1828)(183, 69, 58)
(1899, 1889)(118, 246, 183)
(1856, 1933)(47, 65, 54)
(1823, 1984)(240, 201, 130)
(1764, 1958)(6, 163, 135)
(1707, 1933)(58, 92, 67)
(1656, 1883)(153, 29, 190)
(1626, 1882)(70, 170, 95)
(1599, 1876)(25, 169, 215)
(1597, 1850)(16, 53, 230)
(1557, 1972)(127, 92, 28)
(1481, 1952)(119, 40, 209)
(1406, 1940)(130, 65, 92)
(1391, 1905)(47, 117, 158)
(1261, 1885)(108, 55, 36)
(1247, 1844)(118, 118, 1)
(1161, 1882)(146, 253, 211)
(1149, 1856)(199, 197, 175)
(1106, 1868)(92, 253, 102)
(782, 1852)(101, 42, 114)
(801, 1840)(75, 1, 54)
(786, 1795)(182, 70, 172)
(817, 1858)(187, 103, 217)
(848, 1858)(245, 171, 184)
(843, 1791)(72, 221, 173)
(913, 1770)(173, 189, 203)
(898, 1819)(110, 89, 151)
(949, 1846)(161, 162, 134)
(994, 1862)(23, 69, 171)
(992, 1803)(202, 88, 178)
(1055, 1830)(45, 117, 141)
(1037, 1754)(163, 179, 93)
(1023, 1717)(37, 25, 51)
(1009, 1581)(75, 235, 124)
(1066, 1612)(35, 120, 127)
(1104, 1577)(170, 238, 48)
(1149, 1591)(17, 83, 93)
(1102, 1705)(31, 168, 196)
(1186, 1764)(50, 251, 131)
(1306, 1828)(155, 159, 29)
(1275, 1789)(8, 139, 215)
(1174, 1654)(21, 20, 208)
(1198, 1609)(24, 128, 221)
(1141, 1524)(78, 132, 247)
(1102, 1499)(56, 133, 20)
(1139, 1451)(66, 29, 138)
(1204, 1373)(99, 64, 97)
(1192, 1332)(140, 245, 3)
(1139, 1239)(130, 177, 66)
(1194, 1188)(198, 155, 180)
(1259, 1243)(233, 53, 208)
(1304, 1229)(18, 172, 184)
(1324, 1176)(155, 177, 191)
(1453, 1169)(12, 81, 135)
(1499, 1182)(238, 122, 21)
(1497, 1229)(72, 8, 167)
(1449, 1231)(167, 212, 4)
(1324, 1334)(241, 200, 242)
(1337, 1373)(174, 207, 211)
(1284, 1361)(22, 42, 145)
(1265, 1402)(6, 221, 156)
(1233, 1465)(54, 1, 138)
(1275, 1477)(57, 200, 27)
(1212, 1557)(221, 13, 224)
(1336, 1597)(86, 173, 54)
(1359, 1658)(143, 200, 248)
(1355, 1705)(10, 43, 139)
(1489, 1744)(120, 72, 218)
(1449, 1673)(41, 28, 137)
(1485, 1626)(172, 138, 74)
(1569, 1689)(115, 140, 254)
(1522, 1665)(61, 123, 204)
(1638, 1650)(91, 196, 168)
(1744, 1705)(37, 14, 205)
(1713, 1862)(155, 170, 45)
(1752, 1860)(134, 254, 170)
(1730, 1825)(137, 154, 58)
(1809, 1842)(96, 104, 146)
(1842, 1825)(105, 77, 200)
(1827, 1789)(6, 109, 11)
(1838, 1689)(180, 186, 151)
(1874, 1681)(166, 75, 54)
(1880, 1640)(84, 85, 19)
(1785, 1601)(149, 147, 82)
(1618, 1573)(111, 2, 137)
(1463, 1569)(45, 168, 120)
(1465, 1548)(129, 196, 153)
(1408, 1504)(90, 60, 1)
(1444, 1467)(195, 208, 90)
(1404, 1434)(27, 24, 239)
(1430, 1389)(63, 198, 206)
(1371, 1367)(37, 79, 42)
(1471, 1282)(134, 20, 113)
(1540, 1277)(177, 84, 244)
(1561, 1259)(152, 156, 101)
(1587, 1304)(25, 85, 2)
(1559, 1341)(10, 179, 11)
(1554, 1367)(131, 51, 136)
(1518, 1383)(148, 160, 243)
(1502, 1402)(123, 43, 129)
(1609, 1463)(232, 222, 118)
(1644, 1422)(85, 245, 123)
(1717, 1471)(77, 22, 206)
(1777, 1530)(71, 246, 164)
(1552, 1526)(142, 92, 28)
(1495, 1367)(182, 103, 90)
(1913, 1402)(217, 218, 249)
(2025, 1500)(220, 113, 9)
(1970, 1481)(211, 50, 25)
(1997, 1402)(96, 162, 168)
(2066, 1412)(128, 242, 42)
(2070, 1296)(187, 113, 226)
(1970, 1369)(25, 102, 0)
(1893, 1279)(78, 142, 144)
(2072, 1463)(109, 4, 80)
