(221, 177)(35, 194, 72)
(195, 174)(17, 119, 199)
(267, 162)(1, 111, 66)
(246, 126)(233, 39, 75)
(443, 160)(76, 39, 230)
(462, 177)(5, 225, 131)
(460, 189)(254, 53, 209)
(195, 200)(10, 69, 5)
(235, 202)(5, 49, 88)
(177, 219)(47, 247, 168)
(254, 280)(165, 128, 180)
(309, 336)(82, 115, 132)
(349, 284)(108, 248, 35)
(370, 307)(138, 143, 111)
(448, 233)(41, 144, 181)
(368, 362)(54, 103, 114)
(418, 364)(51, 34, 88)
(456, 370)(186, 180, 111)
(429, 393)(232, 0, 175)
(450, 412)(108, 60, 165)
(343, 395)(200, 153, 85)
(200, 393)(191, 98, 97)
(204, 330)(101, 41, 235)
(265, 420)(238, 230, 131)
(229, 431)(49, 223, 70)
(254, 437)(172, 12, 218)
(328, 425)(43, 2, 97)
(481, 422)(163, 37, 171)
(288, 490)(49, 116, 213)
(225, 473)(91, 21, 86)
(349, 498)(133, 246, 107)
(401, 502)(95, 88, 126)
(439, 479)(124, 59, 122)
(452, 492)(30, 120, 60)
(433, 553)(242, 95, 244)
(452, 565)(196, 143, 57)
(441, 584)(107, 158, 19)
(412, 576)(159, 160, 147)
(469, 607)(15, 60, 191)
(343, 549)(9, 170, 32)
(345, 530)(156, 29, 90)
(313, 523)(119, 131, 245)
(282, 544)(191, 197, 145)
(307, 597)(232, 225, 40)
(284, 626)(73, 147, 124)
(189, 628)(145, 227, 56)
(183, 679)(45, 89, 93)
(248, 727)(244, 245, 98)
(317, 698)(240, 163, 220)
(404, 721)(244, 243, 51)
(446, 683)(209, 0, 3)
(328, 641)(86, 171, 204)
(332, 620)(114, 55, 211)
(340, 610)(232, 200, 251)
(221, 776)(117, 77, 134)
(191, 746)(129, 168, 132)
(198, 908)(198, 139, 36)
(223, 927)(209, 233, 239)
(296, 908)(100, 246, 9)
(324, 897)(44, 148, 9)
(332, 881)(149, 154, 136)
(340, 906)(92, 168, 171)
(307, 778)(21, 102, 136)
(324, 788)(50, 184, 164)
(340, 803)(116, 67, 34)
(383, 782)(32, 151, 209)
(471, 763)(64, 231, 104)
(374, 830)(164, 219, 109)
(412, 843)(243, 88, 81)
(443, 853)(78, 113, 97)
(441, 927)(132, 85, 150)
(347, 969)(155, 17, 33)
(391, 998)(162, 240, 31)
(378, 969)(178, 199, 174)
(288, 990)(104, 23, 34)
(221, 1003)(182, 113, 250)
(183, 1047)(11, 230, 81)
(359, 1047)(203, 142, 148)
(362, 1074)(39, 40, 141)
(391, 1085)(28, 50, 129)
(418, 1089)(182, 107, 112)
(456, 1057)(54, 16, 142)
(471, 1009)(89, 1, 186)
(227, 1103)(144, 141, 31)
(202, 1099)(132, 158, 236)
(193, 1110)(62, 89, 101)
(195, 1143)(116, 116, 158)
(181, 1171)(118, 153, 48)
(261, 1162)(206, 250, 215)
(309, 1152)(215, 146, 185)
(284, 1160)(122, 222, 170)
(389, 1206)(134, 53, 99)
(441, 1177)(10, 61, 239)
(443, 1198)(47, 240, 117)
(473, 1234)(150, 75, 120)
(420, 1255)(250, 192, 254)
(439, 1261)(155, 149, 49)
(263, 1362)(195, 210, 40)
(322, 1333)(159, 45, 209)
(340, 1286)(143, 97, 28)
(288, 1358)(152, 186, 235)
(298, 1295)(86, 85, 163)
(271, 1295)(196, 76, 207)
(231, 1288)(94, 145, 128)
(208, 1253)(94, 49, 76)
(225, 1381)(167, 94, 159)
(380, 1354)(78, 83, 141)
(517, 1333)(122, 9, 104)
(597, 1309)(61, 161, 145)
(658, 1337)(53, 161, 163)
(704, 1385)(250, 3, 97)
(729, 1379)(19, 170, 27)
(794, 1377)(217, 169, 119)
(794, 1274)(66, 135, 174)
(696, 1265)(48, 183, 60)
(731, 1225)(14, 210, 209)
(628, 1255)(73, 161, 65)
(595, 1234)(193, 150, 25)
(572, 1202)(124, 171, 181)
(546, 1200)(57, 224, 41)
(610, 1162)(92, 138, 250)
(643, 1141)(15, 227, 7)
(696, 1162)(76, 12, 54)
(706, 1110)(242, 200, 89)
(763, 1072)(59, 224, 103)
(530, 1091)(46, 48, 12)
(511, 1036)(220, 94, 186)
(494, 1000)(152, 152, 207)
(502, 971)(23, 179, 237)
(515, 958)(93, 87, 151)
(586, 956)(96, 89, 239)
(628, 963)(8, 227, 64)
(641, 1007)(198, 216, 189)
(649, 963)(49, 81, 138)
(681, 1024)(46, 42, 110)
(717, 1013)(225, 65, 156)
(712, 1000)(220, 224, 194)
(710, 979)(188, 113, 2)
(729, 996)(165, 254, 88)
(658, 929)(156, 216, 14)
(513, 914)(96, 120, 40)
(542, 868)(240, 12, 229)
(492, 887)(228, 251, 101)
(494, 860)(159, 97, 76)
(511, 847)(145, 232, 82)
(673, 893)(30, 59, 100)
(662, 881)(142, 113, 94)
(689, 893)(159, 219, 143)
(712, 885)(41, 183, 198)
(731, 858)(185, 20, 72)
(736, 914)(87, 157, 21)
(710, 927)(84, 212, 8)
(599, 1040)(124, 241, 165)
(578, 1036)(8, 185, 175)
(639, 807)(8, 16, 156)
(649, 782)(173, 124, 9)
(704, 805)(0, 203, 105)
(498, 790)(48, 121, 18)
(500, 744)(236, 94, 173)
(788, 738)(101, 237, 167)
(763, 685)(227, 83, 250)
(580, 677)(9, 237, 159)
(576, 652)(62, 25, 105)
(618, 622)(181, 142, 208)
(670, 620)(21, 47, 136)
(736, 553)(86, 135, 117)
(755, 469)(122, 129, 116)
(740, 458)(123, 217, 127)
(769, 420)(197, 199, 141)
(744, 422)(14, 108, 40)
(744, 418)(186, 60, 212)
(595, 551)(218, 220, 142)
(557, 544)(91, 204, 224)
(561, 523)(209, 1, 144)
(532, 507)(46, 214, 171)
(515, 509)(227, 235, 25)
(479, 332)(140, 48, 211)
(549, 364)(195, 139, 145)
(616, 362)(228, 237, 69)
(612, 380)(54, 67, 246)
(755, 372)(202, 15, 87)
(786, 387)(59, 45, 9)
(763, 296)(176, 110, 3)
(702, 330)(78, 192, 172)
(679, 305)(39, 123, 185)
(727, 252)(143, 152, 113)
(694, 214)(166, 9, 112)
(715, 227)(43, 136, 69)
(780, 210)(92, 217, 30)
(599, 305)(169, 152, 241)
(567, 315)(111, 111, 135)
(607, 265)(214, 97, 155)
(567, 246)(98, 32, 199)
(523, 221)(82, 167, 157)
(481, 227)(221, 152, 204)
(513, 151)(98, 46, 254)
(576, 168)(58, 118, 196)
(656, 132)(143, 154, 77)
(637, 185)(113, 211, 145)
(786, 103)(21, 240, 95)
(788, 130)(151, 114, 171)
(782, 145)(81, 117, 61)
(847, 177)(150, 111, 113)
(826, 223)(149, 3, 83)
(832, 280)(201, 104, 27)
(797, 322)(18, 236, 182)
(805, 370)(97, 226, 34)
(921, 389)(185, 144, 92)
(921, 406)(239, 224, 41)
(967, 355)(52, 212, 115)
(975, 298)(141, 30, 19)
(984, 294)(111, 34, 125)
(990, 313)(139, 48, 216)
(1007, 296)(207, 244, 240)
(998, 259)(152, 125, 250)
(952, 242)(60, 191, 211)
(879, 172)(235, 27, 139)
(906, 235)(56, 234, 48)
(1063, 223)(249, 65, 124)
(965, 166)(251, 156, 254)
(1003, 103)(184, 197, 86)
(1097, 313)(130, 127, 49)
(1097, 380)(24, 33, 24)
(1013, 479)(62, 221, 78)
(933, 443)(234, 41, 192)
(1099, 406)(125, 139, 34)
(1093, 559)(8, 250, 195)
(1024, 546)(15, 236, 91)
(977, 528)(106, 107, 144)
(954, 530)(108, 65, 78)
(927, 486)(59, 202, 190)
(811, 454)(178, 20, 160)
(837, 477)(99, 137, 148)
(897, 546)(129, 110, 203)
(807, 546)(236, 61, 193)
(843, 614)(65, 6, 246)
(883, 614)(36, 32, 179)
(925, 618)(87, 144, 92)
(994, 607)(175, 86, 82)
(1097, 696)(76, 24, 244)
(1108, 717)(36, 234, 250)
(862, 700)(105, 35, 209)
(860, 681)(203, 143, 126)
(832, 717)(176, 230, 58)
(834, 700)(15, 87, 103)
(853, 729)(231, 101, 114)
(803, 729)(5, 232, 28)
(826, 767)(109, 162, 136)
(799, 752)(32, 47, 28)
(935, 755)(239, 156, 176)
(942, 782)(131, 248, 13)
(958, 790)(31, 52, 72)
(904, 820)(90, 154, 213)
(1017, 771)(117, 184, 254)
(1045, 797)(201, 243, 231)
(1066, 773)(203, 99, 128)
(1080, 784)(199, 236, 78)
(1078, 847)(42, 44, 6)
(1019, 832)(224, 100, 150)
(1051, 868)(148, 219, 73)
(1009, 864)(19, 143, 244)
(1024, 904)(6, 25, 76)
(1045, 908)(119, 41, 248)
(971, 885)(165, 40, 251)
(879, 866)(82, 111, 85)
(881, 897)(213, 254, 188)
(843, 918)(50, 195, 102)
(822, 855)(151, 68, 159)
(809, 910)(223, 30, 153)
(923, 961)(231, 147, 240)
(883, 975)(45, 201, 174)
(891, 982)(72, 244, 159)
(942, 969)(254, 33, 131)
(977, 923)(26, 221, 88)
(1074, 912)(179, 114, 82)
(1087, 954)(114, 83, 235)
(1099, 876)(68, 47, 211)
(1110, 876)(201, 107, 13)
(1122, 963)(56, 193, 117)
(1131, 1007)(19, 145, 90)
(1085, 971)(10, 86, 6)
(982, 1040)(48, 246, 126)
(984, 1059)(54, 32, 175)
(956, 1091)(202, 156, 74)
(902, 1061)(49, 253, 143)
(853, 1085)(160, 30, 32)
(923, 1103)(80, 160, 51)
(839, 1177)(68, 57, 205)
(820, 1169)(188, 211, 175)
(841, 1240)(54, 55, 47)
(883, 1198)(107, 45, 179)
(921, 1185)(150, 248, 133)
(908, 1244)(113, 225, 162)
(944, 1255)(197, 230, 236)
(935, 1280)(207, 169, 209)
(961, 1295)(72, 69, 23)
(973, 1227)(119, 111, 216)
(843, 1377)(227, 119, 75)
(942, 1360)(57, 75, 108)
(1082, 1343)(134, 192, 31)
(1141, 1379)(1, 144, 122)
(1112, 1318)(147, 78, 166)
(1089, 1284)(176, 19, 104)
(1106, 1251)(206, 195, 197)
(1135, 1213)(11, 51, 91)
(1028, 1206)(134, 218, 246)
(1099, 1141)(114, 160, 193)
(1032, 1099)(40, 31, 187)
(1110, 1131)(93, 31, 108)
(1162, 1206)(199, 204, 176)
(1198, 1330)(62, 66, 155)
(1223, 1333)(19, 238, 212)
(1234, 1345)(235, 33, 130)
(1204, 1383)(107, 210, 164)
(1242, 1389)(178, 231, 235)
(1206, 1398)(208, 84, 233)
(1261, 1400)(64, 81, 71)
(1303, 1362)(100, 219, 59)
(1379, 1391)(37, 254, 251)
(1457, 1377)(78, 160, 97)
(1478, 1402)(180, 104, 204)
(1431, 1267)(209, 98, 54)
(1440, 1238)(67, 38, 212)
(1459, 1248)(217, 81, 242)
(1482, 1217)(52, 2, 110)
(1509, 1244)(48, 74, 116)
(1396, 1198)(121, 241, 194)
(1349, 1093)(85, 228, 153)
(1320, 1078)(241, 232, 51)
(1383, 1179)(111, 76, 77)
(1360, 1164)(23, 203, 73)
(1391, 1209)(24, 239, 221)
(1339, 1238)(214, 127, 29)
(1259, 1238)(14, 219, 105)
(1240, 1198)(214, 77, 167)
(1206, 1034)(186, 64, 154)
(1234, 1005)(24, 49, 65)
(1326, 1024)(234, 239, 53)
(1341, 1007)(109, 103, 92)
(1301, 1038)(246, 36, 248)
(1417, 1049)(111, 88, 174)
(1442, 1089)(69, 92, 151)
(1459, 1112)(46, 15, 205)
(1427, 948)(120, 43, 152)
(1480, 916)(179, 205, 27)
(1427, 872)(117, 134, 219)
(1482, 948)(157, 154, 141)
(1339, 967)(224, 67, 170)
(1354, 923)(115, 196, 235)
(1307, 893)(204, 33, 121)
(1341, 914)(148, 52, 204)
(1364, 883)(250, 131, 153)
(1223, 946)(205, 74, 237)
(1183, 914)(149, 125, 81)
(1221, 883)(167, 162, 106)
(1139, 799)(239, 126, 183)
(1190, 784)(233, 23, 103)
(1198, 788)(154, 170, 131)
(1221, 778)(90, 18, 52)
(1213, 811)(156, 187, 78)
(1232, 746)(238, 27, 222)
(1446, 799)(247, 55, 44)
(1312, 830)(112, 37, 133)
(1259, 698)(192, 38, 150)
(1202, 687)(250, 88, 81)
(1179, 668)(97, 81, 192)
(1196, 572)(35, 131, 226)
(1135, 635)(134, 197, 99)
(1305, 702)(132, 13, 57)
(1295, 635)(169, 231, 35)
(1328, 647)(117, 224, 107)
(1320, 582)(236, 97, 42)
(1276, 601)(77, 203, 63)
(1404, 635)(203, 109, 215)
(1459, 565)(55, 190, 157)
(1183, 523)(174, 124, 107)
(1129, 498)(191, 140, 134)
(1175, 448)(133, 21, 206)
(1148, 422)(225, 181, 172)
(1293, 500)(153, 204, 223)
(1307, 460)(56, 122, 164)
(1330, 433)(17, 104, 73)
(1406, 422)(214, 199, 123)
(1440, 439)(126, 171, 78)
(1442, 364)(48, 107, 247)
(1429, 343)(37, 121, 170)
(1425, 330)(101, 110, 59)
(1391, 315)(142, 1, 34)
(1240, 347)(195, 56, 37)
(1156, 355)(225, 225, 219)
(1166, 259)(118, 130, 33)
(1225, 246)(233, 30, 141)
(1251, 233)(44, 14, 195)
(1263, 263)(17, 19, 160)
(1335, 273)(200, 179, 127)
(1309, 206)(30, 102, 54)
(1387, 208)(18, 170, 70)
(1400, 214)(214, 43, 176)
(1419, 216)(207, 58, 29)
(1265, 172)(236, 172, 240)
(1223, 206)(86, 240, 47)
(1200, 158)(164, 237, 169)
(1175, 177)(64, 80, 76)
(1118, 113)(93, 172, 59)
(1185, 92)(122, 117, 190)
(1251, 80)(162, 160, 249)
(1246, 113)(175, 19, 74)
(1379, 84)(49, 127, 157)
