(267, 150)(152, 138, 71)
(298, 150)(187, 97, 107)
(320, 144)(42, 249, 26)
(379, 134)(234, 210, 145)
(610, 152)(31, 171, 44)
(365, 172)(7, 103, 37)
(381, 231)(151, 118, 34)
(340, 320)(55, 81, 56)
(391, 367)(94, 198, 112)
(320, 399)(135, 196, 81)
(211, 300)(86, 203, 132)
(249, 456)(243, 200, 159)
(221, 454)(115, 234, 5)
(203, 486)(133, 63, 84)
(235, 490)(231, 18, 225)
(249, 509)(164, 227, 226)
(207, 575)(143, 84, 95)
(215, 545)(196, 187, 248)
(267, 584)(183, 177, 18)
(292, 537)(71, 151, 241)
(363, 446)(104, 137, 165)
(385, 421)(121, 213, 89)
(500, 395)(171, 138, 137)
(569, 344)(243, 222, 237)
(557, 326)(3, 116, 106)
(555, 269)(238, 80, 118)
(561, 243)(222, 102, 109)
(626, 306)(165, 84, 193)
(650, 316)(150, 117, 75)
(474, 539)(110, 230, 66)
(371, 578)(125, 65, 218)
(385, 529)(42, 158, 151)
(476, 462)(54, 139, 77)
(529, 507)(68, 14, 220)
(545, 492)(227, 31, 29)
(578, 450)(50, 5, 250)
(586, 500)(226, 108, 193)
(618, 535)(69, 129, 70)
(523, 575)(114, 172, 166)
(505, 608)(125, 57, 152)
(486, 622)(238, 63, 161)
(365, 614)(212, 97, 210)
(284, 604)(138, 55, 82)
(419, 677)(103, 36, 179)
(695, 474)(120, 195, 215)
(715, 500)(88, 53, 145)
(667, 549)(188, 51, 208)
(650, 590)(56, 95, 155)
(689, 610)(145, 120, 24)
(667, 602)(132, 161, 249)
(648, 622)(42, 152, 131)
(636, 644)(71, 71, 197)
(571, 657)(78, 167, 64)
(740, 592)(108, 166, 143)
(734, 567)(172, 126, 247)
(932, 547)(101, 52, 204)
(908, 525)(224, 96, 3)
(885, 511)(243, 148, 166)
(841, 464)(91, 193, 240)
(865, 417)(11, 189, 205)
(782, 442)(32, 107, 185)
(754, 401)(96, 192, 192)
(709, 320)(147, 38, 234)
(723, 286)(59, 75, 143)
(725, 257)(235, 221, 19)
(719, 152)(64, 108, 84)
(877, 126)(4, 47, 65)
(896, 154)(141, 130, 166)
(958, 138)(89, 70, 52)
(1056, 132)(146, 208, 3)
(1050, 180)(179, 217, 195)
(851, 235)(139, 96, 15)
(843, 310)(182, 81, 52)
(829, 385)(66, 44, 207)
(809, 405)(138, 195, 91)
(892, 606)(193, 48, 7)
(784, 616)(226, 87, 186)
(746, 663)(84, 173, 198)
(804, 638)(218, 44, 149)
(800, 659)(16, 229, 163)
(845, 667)(163, 35, 246)
(993, 612)(158, 214, 149)
(1019, 578)(144, 180, 244)
(1133, 527)(205, 238, 2)
(1114, 503)(168, 6, 121)
(1015, 509)(240, 128, 13)
(1005, 462)(28, 175, 197)
(1023, 340)(65, 25, 81)
(1078, 290)(70, 227, 245)
(1104, 259)(185, 25, 115)
(1137, 269)(4, 174, 45)
(1204, 225)(179, 249, 252)
(1218, 176)(138, 194, 238)
(1281, 113)(249, 24, 223)
(1384, 124)(191, 95, 118)
(1550, 105)(138, 11, 38)
(1566, 152)(180, 228, 188)
(1459, 164)(34, 234, 179)
(1514, 231)(251, 94, 180)
(1499, 207)(134, 194, 55)
(1455, 253)(34, 174, 71)
(1335, 300)(195, 55, 4)
(1252, 302)(233, 156, 245)
(1386, 245)(209, 44, 196)
(1370, 274)(136, 2, 79)
(1303, 237)(108, 40, 148)
(1301, 211)(141, 10, 254)
(1279, 247)(251, 65, 127)
(1246, 225)(226, 8, 226)
(1504, 326)(83, 247, 31)
(1471, 411)(137, 209, 187)
(1467, 379)(254, 34, 24)
(1568, 397)(170, 119, 227)
(1540, 474)(86, 0, 36)
(1392, 448)(160, 212, 31)
(1352, 438)(218, 221, 192)
(1331, 488)(121, 29, 77)
(1297, 464)(110, 92, 252)
(1319, 421)(145, 54, 51)
(1165, 503)(40, 247, 177)
(1307, 620)(249, 250, 59)
(1289, 632)(200, 98, 109)
(1390, 669)(242, 94, 123)
(1431, 638)(202, 26, 122)
(1439, 610)(141, 45, 26)
(1433, 573)(124, 12, 104)
(1317, 569)(147, 117, 211)
(1562, 515)(76, 160, 66)
(1583, 541)(14, 23, 103)
(1611, 547)(251, 183, 202)
(1601, 519)(53, 243, 240)
(1538, 620)(122, 139, 40)
(1528, 644)(254, 54, 40)
(1710, 612)(236, 207, 195)
(1828, 584)(252, 142, 84)
(1891, 602)(184, 249, 70)
(2012, 598)(46, 43, 26)
(2038, 494)(251, 88, 235)
(1972, 517)(50, 47, 117)
(1984, 480)(205, 86, 200)
(1903, 498)(111, 22, 240)
(1923, 553)(145, 152, 222)
(1785, 549)(27, 224, 82)
(1745, 509)(84, 95, 25)
(1690, 509)(240, 75, 17)
(1731, 415)(147, 95, 177)
(1844, 436)(193, 39, 175)
(1891, 391)(55, 26, 41)
(1941, 387)(69, 212, 65)
(1931, 355)(189, 220, 110)
(1968, 353)(222, 12, 169)
(1978, 330)(7, 82, 197)
(2012, 344)(236, 232, 177)
(2018, 296)(57, 46, 19)
(2039, 284)(168, 212, 154)
(2014, 253)(21, 213, 197)
(2030, 225)(137, 218, 163)
(2065, 207)(82, 185, 228)
(2061, 170)(249, 247, 166)
(2020, 136)(119, 17, 87)
(1988, 89)(34, 50, 175)
(1959, 97)(99, 41, 24)
(1974, 144)(22, 197, 129)
(1945, 170)(240, 240, 79)
(1921, 199)(196, 151, 144)
(1996, 227)(231, 78, 75)
(1941, 306)(4, 147, 137)
(1864, 349)(133, 15, 61)
(1704, 340)(141, 60, 128)
(1617, 322)(213, 78, 128)
(1647, 263)(23, 146, 0)
(1647, 201)(79, 135, 201)
(1728, 197)(198, 62, 11)
(1820, 105)(22, 87, 138)
(1866, 128)(111, 154, 144)
(1812, 229)(220, 252, 55)
(1801, 259)(232, 237, 177)
(1789, 223)(169, 215, 191)
(1769, 269)(161, 205, 89)
(1720, 288)(23, 191, 135)
(1698, 278)(25, 48, 16)
(1812, 671)(253, 69, 251)
(1945, 669)(250, 15, 83)
(1921, 652)(132, 49, 226)
(2069, 683)(25, 72, 80)
(2026, 719)(250, 44, 185)
(2008, 762)(34, 182, 141)
(2097, 760)(228, 6, 110)
(2065, 837)(165, 151, 170)
(2067, 993)(161, 251, 236)
(2045, 1011)(107, 73, 156)
(2053, 971)(13, 87, 229)
(1970, 1021)(36, 4, 88)
(1986, 1046)(161, 228, 201)
(2002, 1066)(58, 90, 168)
(2109, 1086)(0, 229, 124)
(1868, 1050)(238, 18, 76)
(1933, 930)(110, 203, 71)
(1903, 922)(118, 95, 139)
(1901, 875)(73, 163, 39)
(1984, 877)(86, 108, 176)
(1984, 853)(150, 47, 162)
(2006, 827)(28, 118, 80)
(1850, 760)(136, 253, 127)
(1854, 731)(150, 141, 202)
(1692, 740)(223, 178, 130)
(1720, 715)(75, 228, 249)
(1743, 693)(200, 177, 202)
(1741, 766)(184, 186, 90)
(1739, 831)(251, 174, 58)
(1728, 910)(41, 153, 249)
(1698, 908)(169, 58, 93)
(1696, 971)(120, 39, 136)
(1716, 1070)(66, 92, 204)
(1777, 1052)(158, 178, 22)
(1751, 1017)(6, 13, 28)
(1712, 1035)(136, 221, 157)
(2010, 1112)(232, 13, 190)
(1966, 1147)(21, 194, 2)
(1767, 1125)(226, 241, 94)
(1508, 1080)(119, 33, 132)
(1163, 1054)(254, 252, 216)
(1159, 1098)(61, 114, 237)
(1218, 1117)(123, 52, 248)
(1281, 1119)(12, 25, 21)
(1303, 1129)(92, 212, 254)
(1435, 1125)(158, 131, 161)
(1654, 971)(242, 2, 208)
(1595, 993)(7, 171, 143)
(1617, 944)(85, 227, 8)
(1633, 815)(210, 200, 44)
(1631, 703)(93, 171, 60)
(1605, 681)(202, 104, 103)
(1526, 715)(59, 142, 140)
(1576, 788)(159, 5, 38)
(1532, 821)(32, 68, 137)
(1544, 861)(202, 40, 77)
(1540, 910)(142, 72, 141)
(1570, 914)(84, 78, 254)
(1568, 975)(174, 58, 197)
(1370, 1003)(83, 76, 88)
(1346, 1021)(153, 90, 138)
(1273, 985)(47, 87, 46)
(1236, 950)(104, 212, 33)
(1289, 910)(250, 251, 147)
(1281, 875)(180, 150, 31)
(1380, 958)(134, 254, 217)
(1427, 792)(211, 140, 113)
(1449, 744)(59, 123, 7)
(1477, 675)(124, 225, 147)
(1402, 725)(113, 173, 2)
(1408, 750)(29, 242, 116)
(1325, 717)(167, 80, 53)
(1240, 701)(13, 142, 199)
(1198, 685)(73, 210, 168)
(1151, 671)(123, 121, 70)
(1173, 725)(130, 13, 78)
(1206, 792)(92, 141, 217)
(1171, 851)(78, 156, 222)
(1143, 916)(187, 109, 123)
(1102, 969)(130, 191, 227)
(1110, 934)(20, 42, 101)
(1080, 1060)(174, 199, 194)
(1119, 1092)(10, 82, 210)
(1149, 1125)(104, 17, 22)
(1009, 1037)(37, 98, 131)
(851, 1066)(125, 36, 59)
(707, 1078)(144, 178, 192)
(740, 1159)(215, 126, 41)
(922, 1011)(181, 122, 62)
(981, 1019)(238, 70, 195)
(962, 950)(216, 223, 4)
(1050, 910)(114, 8, 246)
(1017, 843)(14, 41, 115)
(987, 863)(32, 178, 207)
(1076, 766)(247, 181, 68)
(1141, 792)(183, 143, 64)
(999, 715)(54, 163, 238)
(969, 699)(135, 249, 54)
(855, 738)(70, 218, 19)
(813, 729)(44, 180, 158)
(835, 695)(184, 5, 21)
(802, 687)(182, 25, 64)
(960, 825)(146, 118, 157)
(948, 869)(254, 168, 131)
(896, 885)(254, 48, 69)
(886, 950)(220, 199, 95)
(821, 971)(212, 245, 149)
(796, 1048)(211, 109, 117)
(788, 1021)(190, 131, 103)
(811, 942)(94, 162, 124)
(847, 902)(175, 252, 231)
(839, 871)(45, 114, 209)
(813, 825)(220, 187, 21)
(780, 875)(167, 10, 34)
(764, 861)(214, 149, 230)
(711, 902)(16, 49, 155)
(701, 886)(40, 247, 127)
(679, 904)(163, 17, 239)
(679, 948)(98, 17, 159)
(677, 855)(185, 40, 20)
(669, 786)(67, 22, 155)
(644, 800)(190, 73, 212)
(644, 855)(100, 162, 133)
(642, 967)(199, 147, 62)
(608, 999)(139, 106, 65)
(573, 1082)(189, 177, 224)
(543, 1070)(192, 141, 12)
(472, 1078)(125, 179, 53)
(470, 1116)(5, 111, 68)
(344, 1070)(47, 179, 118)
(405, 1096)(12, 202, 89)
(419, 1112)(2, 133, 211)
(292, 1117)(64, 206, 213)
(267, 1039)(163, 174, 75)
(231, 973)(74, 76, 223)
(201, 932)(14, 190, 247)
(197, 764)(254, 239, 143)
(227, 780)(60, 28, 92)
(243, 802)(246, 195, 193)
(257, 857)(38, 30, 162)
(278, 738)(61, 208, 111)
(294, 705)(205, 150, 252)
(255, 669)(10, 221, 185)
(533, 776)(201, 69, 109)
(359, 902)(14, 188, 248)
(326, 973)(63, 184, 62)
(326, 1039)(173, 28, 180)
(363, 999)(205, 145, 216)
(383, 995)(159, 106, 232)
(438, 1003)(115, 222, 206)
(432, 975)(26, 130, 247)
(442, 934)(181, 3, 205)
(480, 890)(87, 152, 237)
(509, 861)(50, 194, 223)
(513, 924)(194, 45, 26)
(571, 1017)(131, 67, 222)
(442, 1131)(39, 177, 213)
(197, 1167)(136, 87, 135)
(205, 1119)(241, 165, 164)
(180, 1119)(149, 247, 229)
(263, 1268)(71, 196, 172)
(203, 1307)(251, 123, 68)
(229, 1352)(207, 39, 157)
(184, 1530)(76, 174, 189)
(227, 1524)(172, 237, 207)
(178, 1556)(104, 82, 90)
(251, 1593)(7, 22, 116)
(326, 1471)(50, 68, 152)
(288, 1433)(218, 184, 208)
(304, 1400)(57, 234, 221)
(302, 1356)(223, 159, 29)
(383, 1281)(55, 133, 60)
(405, 1268)(196, 97, 161)
(387, 1196)(144, 183, 214)
(474, 1236)(99, 20, 123)
(509, 1191)(127, 150, 196)
(537, 1196)(33, 169, 147)
(545, 1222)(80, 194, 52)
(571, 1139)(213, 128, 48)
(634, 1157)(13, 92, 217)
(640, 1279)(194, 181, 250)
(630, 1206)(52, 121, 24)
(432, 1303)(165, 132, 169)
(391, 1431)(131, 97, 184)
(430, 1473)(37, 65, 44)
(464, 1441)(5, 202, 40)
(434, 1423)(85, 148, 8)
(460, 1516)(128, 190, 15)
(419, 1532)(81, 27, 75)
(535, 1499)(186, 97, 192)
(586, 1364)(82, 87, 219)
(665, 1248)(6, 146, 78)
(723, 1175)(211, 144, 218)
(665, 1293)(18, 184, 176)
(551, 1552)(167, 138, 70)
(456, 1579)(131, 232, 62)
(618, 1566)(41, 187, 231)
(697, 1568)(97, 163, 199)
(780, 1581)(115, 65, 50)
(772, 1554)(102, 53, 243)
(750, 1538)(185, 7, 102)
(847, 1556)(146, 254, 237)
(865, 1522)(101, 128, 145)
(969, 1540)(66, 43, 110)
(958, 1522)(1, 23, 103)
(993, 1506)(71, 35, 120)
(813, 1493)(118, 155, 224)
(772, 1457)(165, 72, 46)
(833, 1420)(167, 86, 247)
(855, 1408)(48, 135, 116)
(851, 1467)(79, 70, 126)
(900, 1469)(143, 109, 170)
(940, 1441)(130, 190, 102)
(794, 1337)(169, 157, 149)
(815, 1331)(107, 46, 231)
(823, 1313)(90, 168, 93)
(813, 1236)(91, 124, 24)
(888, 1285)(245, 14, 191)
(934, 1187)(142, 232, 245)
(948, 1163)(231, 40, 91)
(962, 1266)(242, 225, 165)
(979, 1248)(52, 66, 9)
(969, 1208)(160, 149, 131)
(997, 1220)(5, 182, 116)
(1090, 1254)(161, 132, 200)
(1143, 1196)(42, 136, 155)
(1098, 1185)(237, 68, 3)
(993, 1360)(214, 155, 79)
(967, 1374)(95, 173, 226)
(1084, 1414)(112, 103, 87)
(1169, 1465)(64, 63, 126)
(983, 1595)(219, 243, 0)
(1042, 1611)(104, 110, 176)
(460, 1619)(144, 132, 45)
(630, 1631)(206, 187, 216)
(1090, 1623)(141, 181, 31)
(1110, 1607)(29, 62, 47)
(1193, 1585)(26, 229, 238)
(1242, 1617)(4, 211, 64)
(1283, 1558)(88, 132, 28)
(1471, 1581)(32, 100, 32)
(1510, 1562)(217, 128, 109)
(1581, 1556)(245, 202, 41)
(1526, 1619)(175, 215, 128)
(1510, 1643)(151, 182, 228)
(1599, 1627)(211, 194, 94)
(1617, 1637)(156, 175, 94)
(1485, 1500)(23, 174, 191)
(1451, 1439)(245, 28, 163)
(1317, 1495)(81, 134, 163)
(1252, 1552)(178, 32, 23)
(1226, 1465)(123, 137, 90)
(1196, 1368)(82, 221, 165)
(1234, 1374)(246, 114, 4)
(1236, 1337)(13, 234, 156)
(1279, 1325)(91, 49, 167)
(1268, 1303)(108, 19, 217)
(1303, 1315)(151, 95, 74)
(1350, 1270)(44, 24, 94)
(1337, 1232)(25, 73, 82)
(1258, 1177)(159, 158, 222)
(1506, 1171)(68, 130, 52)
(1581, 1206)(98, 20, 122)
(1560, 1271)(74, 61, 55)
(1518, 1307)(72, 59, 35)
(1508, 1319)(13, 18, 148)
(1506, 1362)(41, 19, 97)
(1400, 1380)(186, 222, 91)
(1333, 1408)(159, 201, 9)
(1289, 1416)(178, 18, 22)
(1552, 1451)(245, 118, 103)
(1581, 1469)(100, 164, 45)
(1605, 1429)(160, 14, 124)
(1639, 1455)(167, 182, 24)
(1643, 1339)(28, 171, 9)
(1631, 1279)(242, 5, 126)
(1601, 1299)(40, 176, 156)
(1789, 1252)(192, 114, 82)
(1860, 1321)(145, 193, 109)
(1824, 1378)(139, 76, 47)
(1872, 1372)(144, 206, 169)
(1923, 1435)(4, 65, 53)
(1925, 1408)(21, 211, 5)
(1943, 1333)(226, 107, 112)
(1953, 1307)(251, 156, 214)
(1982, 1260)(67, 119, 16)
(1951, 1242)(32, 214, 167)
(1974, 1183)(13, 227, 207)
(2014, 1189)(209, 13, 201)
(2118, 1204)(244, 238, 241)
(2124, 1317)(163, 89, 208)
(1998, 1348)(168, 99, 214)
(2028, 1380)(203, 194, 190)
(2032, 1402)(117, 202, 52)
(2012, 1439)(11, 149, 136)
(2069, 1457)(100, 98, 17)
(2103, 1425)(136, 204, 62)
(1988, 1483)(133, 196, 225)
(1957, 1504)(207, 13, 42)
(1832, 1546)(187, 228, 223)
(1728, 1522)(41, 208, 253)
(1941, 1564)(36, 227, 33)
(2065, 1564)(8, 12, 65)
(2132, 1633)(247, 186, 179)
(1955, 1633)(49, 107, 3)
(1935, 1605)(34, 79, 9)
(1899, 1613)(106, 191, 148)
(1799, 1641)(193, 174, 194)
(1743, 1599)(100, 161, 212)
(1680, 1653)(44, 179, 186)
(1637, 1676)(119, 25, 33)
(1773, 1700)(232, 94, 10)
(1876, 1680)(13, 19, 159)
(1903, 1674)(69, 116, 122)
(2014, 1724)(195, 253, 186)
(2097, 1724)(24, 61, 18)
(2041, 1769)(231, 205, 1)
(2091, 1755)(119, 197, 55)
(2111, 1745)(194, 99, 171)
(2130, 1771)(174, 222, 109)
(2079, 1814)(237, 188, 205)
(2142, 1838)(32, 109, 120)
(2130, 1872)(94, 233, 33)
(2109, 1842)(221, 247, 196)
(2105, 1889)(163, 141, 145)
(2126, 1982)(15, 141, 108)
(2085, 1974)(147, 104, 250)
(2091, 2016)(89, 229, 135)
(2051, 1937)(77, 133, 54)
(2012, 1945)(118, 28, 169)
(2008, 1911)(59, 196, 160)
(1911, 2041)(80, 20, 158)
(1880, 2055)(48, 191, 148)
(1773, 2008)(216, 215, 183)
(1678, 2010)(63, 78, 43)
(1674, 1974)(33, 32, 131)
(1686, 1953)(153, 163, 86)
(1731, 1943)(111, 119, 172)
(1887, 1998)(48, 62, 15)
(1953, 1931)(165, 120, 68)
(1905, 1814)(5, 28, 193)
(1895, 1872)(67, 190, 151)
(1872, 1807)(138, 143, 24)
(1807, 1828)(50, 131, 84)
(1783, 1805)(107, 168, 134)
(1747, 1753)(12, 144, 199)
(1718, 1733)(142, 229, 47)
(1706, 1852)(44, 202, 249)
(1743, 1872)(43, 174, 59)
(1735, 1834)(106, 10, 158)
(1653, 1870)(183, 196, 28)
(1631, 1840)(210, 29, 43)
(1625, 1812)(66, 228, 188)
(1601, 1753)(89, 90, 9)
(1540, 1755)(178, 71, 208)
(1574, 1816)(220, 235, 228)
(1544, 1858)(8, 227, 218)
(1532, 1832)(96, 253, 36)
(1514, 1895)(56, 204, 152)
(1536, 1957)(13, 49, 121)
(1489, 1986)(241, 150, 177)
(1463, 1972)(92, 236, 99)
(1427, 1913)(17, 196, 36)
(1437, 1878)(76, 11, 145)
(1406, 1866)(221, 19, 66)
(1293, 1913)(70, 17, 140)
(1287, 1889)(159, 195, 98)
(1202, 1864)(92, 207, 20)
(1331, 1803)(149, 10, 16)
(1471, 1751)(86, 95, 62)
(1392, 1722)(9, 60, 177)
(1402, 1658)(2, 126, 41)
(1303, 1706)(206, 33, 32)
(1279, 1722)(190, 231, 67)
(1254, 1747)(124, 230, 98)
(1181, 1816)(52, 100, 248)
(1189, 1777)(45, 19, 113)
(1153, 1767)(43, 133, 139)
(1078, 2000)(210, 92, 128)
(1125, 2038)(223, 164, 214)
(983, 2000)(137, 186, 134)
(973, 1949)(45, 51, 14)
(995, 1947)(50, 253, 27)
(1080, 1901)(250, 234, 45)
(1104, 1854)(233, 169, 238)
(1054, 1844)(60, 39, 45)
(1033, 1694)(214, 203, 217)
(1007, 1698)(145, 170, 253)
(952, 1733)(13, 142, 188)
(924, 1735)(215, 219, 128)
(918, 1694)(181, 56, 51)
(877, 1773)(8, 177, 129)
(857, 1789)(222, 229, 193)
(815, 1807)(47, 244, 6)
(802, 1882)(169, 130, 148)
(885, 1982)(26, 12, 122)
(809, 1962)(104, 208, 198)
(740, 1919)(80, 220, 87)
(703, 1836)(117, 91, 44)
(790, 1755)(44, 169, 181)
(732, 1737)(44, 206, 147)
(705, 1757)(19, 244, 39)
(778, 1706)(26, 164, 122)
(754, 1680)(145, 199, 72)
(780, 1631)(53, 254, 149)
(634, 1808)(52, 239, 121)
(652, 2018)(150, 93, 31)
(675, 2038)(197, 3, 155)
(533, 2039)(134, 31, 178)
(533, 2020)(214, 151, 69)
(535, 1980)(155, 177, 153)
(665, 1889)(42, 79, 213)
(575, 1832)(129, 19, 240)
(529, 1799)(85, 76, 195)
(515, 1818)(55, 54, 228)
(521, 1862)(244, 58, 176)
(478, 1909)(111, 24, 6)
(385, 1905)(246, 114, 234)
(351, 1882)(203, 206, 76)
(312, 1907)(128, 4, 173)
(241, 1933)(170, 13, 230)
(197, 2002)(190, 184, 76)
(190, 1917)(70, 200, 190)
(170, 1751)(16, 254, 252)
(245, 1706)(121, 194, 156)
(276, 1682)(43, 45, 210)
(320, 1696)(14, 69, 32)
(349, 1767)(180, 180, 186)
(413, 1712)(92, 78, 110)
(432, 1735)(83, 107, 115)
(460, 1664)(247, 160, 182)
(492, 1674)(195, 52, 63)
