(182, 118)(10, 216, 170)
(225, 135)(123, 133, 130)
(321, 163)(188, 148, 8)
(313, 210)(46, 17, 94)
(281, 208)(122, 188, 80)
(304, 189)(64, 209, 21)
(274, 186)(219, 18, 65)
(212, 236)(30, 182, 124)
(197, 249)(92, 24, 2)
(184, 268)(39, 76, 107)
(152, 231)(158, 5, 169)
(174, 349)(71, 91, 58)
(163, 377)(248, 109, 111)
(336, 288)(162, 81, 65)
(407, 237)(11, 166, 140)
(258, 377)(94, 250, 206)
(277, 390)(205, 112, 132)
(224, 431)(142, 44, 191)
(338, 407)(184, 83, 4)
(384, 420)(238, 236, 197)
(315, 427)(126, 242, 79)
(264, 422)(205, 150, 114)
(342, 476)(183, 212, 119)
(351, 466)(148, 181, 160)
(369, 468)(85, 247, 108)
(384, 476)(159, 155, 182)
(241, 488)(211, 187, 200)
(209, 513)(146, 212, 162)
(269, 511)(129, 76, 27)
(236, 551)(172, 182, 141)
(199, 566)(76, 119, 175)
(176, 561)(44, 34, 196)
(171, 587)(66, 155, 32)
(148, 536)(157, 235, 47)
(336, 536)(126, 220, 81)
(360, 521)(49, 241, 76)
(418, 583)(41, 26, 198)
(379, 581)(11, 228, 205)
(386, 624)(17, 87, 150)
(341, 647)(236, 119, 171)
(341, 634)(122, 237, 163)
(285, 666)(38, 193, 215)
(283, 654)(184, 246, 32)
(253, 662)(209, 92, 131)
(219, 673)(18, 178, 233)
(186, 694)(70, 245, 3)
(167, 649)(34, 127, 117)
(272, 748)(6, 70, 101)
(420, 720)(170, 121, 115)
(345, 787)(30, 140, 127)
(439, 780)(122, 250, 142)
(405, 853)(233, 164, 111)
(283, 844)(162, 126, 71)
(227, 829)(219, 101, 244)
(321, 885)(116, 186, 25)
(306, 874)(14, 227, 106)
(281, 874)(226, 252, 241)
(291, 862)(158, 159, 231)
(161, 879)(35, 230, 136)
(150, 986)(59, 29, 58)
(169, 994)(182, 60, 175)
(204, 1003)(75, 20, 213)
(236, 997)(153, 102, 175)
(253, 973)(172, 129, 149)
(291, 919)(254, 74, 61)
(321, 967)(186, 38, 2)
(411, 973)(159, 33, 10)
(420, 915)(176, 245, 245)
(388, 911)(84, 233, 246)
(364, 894)(247, 189, 6)
(401, 879)(23, 75, 130)
(418, 887)(38, 188, 252)
(268, 1078)(98, 13, 243)
(330, 1087)(65, 180, 202)
(435, 1059)(139, 8, 51)
(407, 1153)(138, 155, 124)
(422, 1177)(161, 53, 41)
(392, 1217)(25, 36, 164)
(313, 1239)(101, 109, 165)
(326, 1275)(68, 202, 230)
(240, 1258)(48, 79, 252)
(257, 1181)(64, 254, 140)
(212, 1170)(101, 31, 248)
(225, 1125)(155, 227, 210)
(174, 1168)(10, 186, 18)
(135, 1177)(51, 87, 193)
(144, 1110)(248, 162, 38)
(144, 1243)(45, 205, 64)
(171, 1228)(98, 207, 232)
(431, 1307)(32, 1, 142)
(448, 1273)(149, 65, 102)
(437, 1267)(15, 169, 54)
(463, 1228)(155, 240, 51)
(478, 1217)(43, 236, 252)
(486, 1200)(205, 207, 139)
(465, 1093)(174, 225, 47)
(456, 1048)(91, 171, 6)
(506, 1132)(133, 254, 2)
(523, 1149)(98, 171, 74)
(564, 1123)(173, 128, 173)
(600, 1151)(31, 74, 243)
(617, 1080)(212, 48, 67)
(649, 1091)(83, 75, 172)
(677, 1082)(162, 129, 195)
(707, 1179)(174, 105, 135)
(705, 1189)(180, 91, 102)
(559, 1162)(90, 53, 237)
(566, 1189)(51, 224, 168)
(534, 1187)(51, 153, 106)
(531, 1202)(10, 224, 229)
(525, 1222)(153, 174, 13)
(568, 1245)(71, 147, 145)
(606, 1279)(62, 229, 176)
(619, 1292)(113, 108, 80)
(651, 1301)(140, 68, 154)
(662, 1262)(175, 130, 173)
(561, 1290)(115, 8, 158)
(570, 1275)(94, 92, 31)
(523, 1279)(41, 161, 100)
(521, 1299)(225, 122, 117)
(501, 1322)(136, 240, 235)
(739, 1256)(54, 124, 59)
(741, 1271)(43, 136, 182)
(527, 1007)(218, 19, 124)
(516, 997)(147, 143, 17)
(624, 997)(201, 147, 242)
(735, 1009)(237, 72, 105)
(722, 943)(48, 186, 48)
(679, 898)(36, 56, 210)
(681, 900)(217, 162, 190)
(591, 911)(18, 57, 132)
(606, 902)(54, 210, 109)
(561, 911)(15, 42, 224)
(519, 922)(23, 205, 72)
(484, 949)(253, 42, 153)
(461, 862)(81, 83, 86)
(463, 842)(183, 219, 22)
(484, 817)(235, 109, 74)
(615, 870)(43, 92, 51)
(636, 821)(160, 157, 8)
(673, 817)(231, 26, 145)
(694, 821)(89, 38, 219)
(707, 754)(242, 184, 246)
(606, 808)(84, 86, 237)
(594, 761)(47, 223, 75)
(621, 746)(245, 85, 77)
(596, 718)(198, 214, 173)
(570, 746)(189, 176, 109)
(581, 714)(216, 70, 4)
(527, 746)(165, 175, 87)
(529, 707)(158, 194, 64)
(508, 720)(227, 12, 81)
(480, 746)(99, 143, 132)
(497, 774)(112, 21, 140)
(555, 675)(5, 120, 127)
(660, 677)(34, 254, 250)
(536, 647)(91, 78, 17)
(557, 639)(245, 206, 144)
(514, 589)(91, 3, 29)
(497, 568)(207, 95, 252)
(471, 566)(17, 30, 208)
(536, 532)(47, 21, 89)
(511, 509)(237, 154, 71)
(495, 495)(110, 202, 167)
(495, 472)(213, 64, 192)
(491, 458)(223, 136, 107)
(532, 427)(249, 170, 101)
(562, 427)(38, 0, 213)
(610, 452)(46, 18, 189)
(589, 470)(193, 12, 189)
(649, 456)(253, 205, 168)
(567, 511)(194, 25, 180)
(653, 517)(131, 168, 45)
(704, 519)(172, 80, 242)
(723, 519)(52, 24, 248)
(698, 558)(230, 157, 112)
(673, 552)(19, 223, 160)
(663, 587)(221, 205, 104)
(630, 406)(29, 145, 93)
(454, 398)(83, 25, 177)
(433, 406)(86, 108, 117)
(445, 314)(184, 199, 244)
(507, 302)(102, 54, 46)
(499, 289)(204, 128, 56)
(466, 269)(28, 26, 122)
(523, 341)(7, 224, 4)
(622, 382)(211, 77, 208)
(636, 376)(105, 97, 172)
(700, 394)(31, 235, 250)
(727, 378)(232, 201, 90)
(755, 398)(103, 51, 88)
(737, 312)(108, 249, 231)
(731, 285)(175, 51, 149)
(698, 273)(18, 201, 126)
(682, 259)(81, 247, 176)
(630, 203)(247, 81, 224)
(593, 228)(73, 82, 24)
(608, 240)(192, 124, 54)
(686, 146)(6, 178, 26)
(704, 135)(31, 73, 142)
(581, 135)(56, 99, 184)
(554, 107)(212, 0, 8)
(487, 109)(22, 120, 209)
(454, 187)(65, 198, 123)
(848, 123)(173, 129, 45)
(836, 113)(45, 114, 218)
(827, 111)(9, 238, 138)
(790, 140)(182, 97, 128)
(838, 189)(20, 11, 144)
(883, 238)(130, 166, 190)
(901, 263)(36, 175, 52)
(924, 250)(177, 211, 72)
(914, 228)(117, 6, 111)
(916, 203)(138, 116, 44)
(967, 222)(55, 40, 132)
(1000, 273)(39, 24, 31)
(1059, 234)(128, 206, 113)
(1037, 115)(111, 58, 236)
(975, 99)(245, 244, 223)
(955, 88)(229, 95, 252)
(893, 298)(134, 6, 187)
(877, 296)(114, 247, 146)
(840, 302)(234, 157, 19)
(838, 285)(152, 69, 4)
(967, 296)(110, 13, 62)
(990, 308)(1, 87, 247)
(957, 341)(27, 42, 180)
(979, 357)(24, 66, 130)
(994, 376)(38, 156, 131)
(975, 394)(245, 99, 167)
(860, 402)(114, 148, 188)
(792, 423)(0, 53, 232)
(780, 569)(14, 219, 211)
(846, 569)(77, 176, 130)
(868, 599)(172, 236, 95)
(870, 618)(200, 144, 133)
(895, 606)(96, 40, 188)
(924, 616)(192, 245, 252)
(891, 661)(0, 176, 218)
(862, 686)(181, 24, 199)
(922, 702)(160, 127, 66)
(940, 657)(42, 39, 236)
(977, 692)(39, 182, 141)
(965, 669)(106, 222, 4)
(1006, 608)(3, 247, 71)
(1031, 604)(27, 71, 194)
(1057, 581)(233, 155, 49)
(1074, 571)(58, 12, 243)
(1072, 686)(9, 138, 135)
(1059, 719)(14, 135, 114)
(985, 562)(142, 72, 81)
(994, 544)(202, 230, 0)
(996, 511)(35, 106, 17)
(1008, 474)(88, 218, 229)
(1035, 437)(120, 209, 103)
(979, 429)(71, 195, 59)
(963, 464)(140, 56, 209)
(957, 489)(97, 162, 40)
(928, 478)(134, 244, 251)
(1063, 419)(196, 66, 115)
(1082, 489)(155, 106, 180)
(712, 716)(236, 146, 112)
(813, 749)(178, 144, 40)
(864, 758)(144, 233, 160)
(909, 749)(112, 80, 16)
(924, 733)(31, 12, 73)
(936, 760)(127, 222, 113)
(936, 743)(192, 117, 148)
(821, 799)(113, 81, 251)
(940, 794)(19, 246, 125)
(875, 825)(144, 247, 163)
(833, 875)(103, 40, 188)
(815, 889)(45, 173, 118)
(819, 879)(126, 188, 241)
(770, 879)(52, 55, 244)
(786, 953)(190, 193, 56)
(758, 967)(95, 198, 235)
(803, 1068)(213, 167, 187)
(790, 1063)(148, 211, 195)
(817, 1043)(120, 166, 13)
(797, 1014)(2, 84, 117)
(866, 1053)(1, 55, 13)
(807, 1111)(15, 115, 56)
(774, 1199)(195, 233, 199)
(825, 1254)(213, 144, 220)
(813, 1275)(26, 37, 56)
(891, 1332)(76, 16, 79)
(936, 1306)(232, 209, 195)
(983, 1328)(3, 109, 245)
(1039, 1328)(213, 90, 22)
(946, 1353)(189, 179, 157)
(1055, 1199)(27, 171, 65)
(1008, 1207)(76, 159, 75)
(866, 1168)(19, 245, 243)
(907, 1086)(191, 250, 148)
(959, 1111)(236, 121, 135)
(965, 1088)(192, 35, 235)
(951, 1219)(185, 250, 251)
(1008, 1127)(180, 185, 75)
(1010, 1055)(123, 203, 20)
(1008, 1026)(19, 71, 74)
(981, 1014)(26, 212, 239)
(955, 987)(111, 95, 147)
(868, 914)(29, 213, 208)
(875, 891)(111, 29, 174)
(844, 909)(29, 61, 129)
(942, 885)(236, 126, 182)
(1008, 926)(150, 220, 189)
(951, 872)(130, 79, 7)
(1016, 877)(17, 26, 30)
(1047, 840)(106, 2, 81)
(1055, 881)(64, 17, 20)
(1039, 967)(113, 129, 62)
(1002, 959)(201, 113, 151)
(1041, 1002)(87, 6, 162)
(1078, 965)(126, 240, 168)
(1094, 942)(16, 37, 231)
(1096, 899)(67, 9, 21)
(1137, 953)(192, 175, 1)
(1154, 951)(215, 128, 14)
(1113, 992)(233, 137, 138)
(1203, 1024)(105, 63, 37)
(1096, 1111)(71, 170, 208)
(1121, 1154)(75, 204, 238)
(1092, 1182)(8, 53, 87)
(1094, 1209)(228, 194, 22)
(1135, 1215)(73, 32, 88)
(1135, 1336)(9, 121, 109)
(1166, 1318)(213, 244, 46)
(1189, 1291)(171, 36, 244)
(1226, 1332)(72, 173, 151)
(1287, 1250)(138, 110, 128)
(1285, 1277)(152, 66, 182)
(1378, 1287)(230, 31, 72)
(1414, 1299)(167, 10, 134)
(1404, 1351)(96, 34, 207)
(1384, 1238)(130, 216, 176)
(1408, 1207)(224, 191, 46)
(1394, 1146)(224, 158, 158)
(1213, 1113)(101, 162, 9)
(1191, 1074)(153, 107, 11)
(1172, 1061)(13, 84, 166)
(1265, 1061)(8, 91, 182)
(1314, 1043)(232, 163, 218)
(1394, 973)(95, 102, 36)
(1382, 953)(25, 146, 122)
(1394, 916)(18, 232, 105)
(1408, 858)(210, 133, 70)
(1353, 866)(107, 209, 167)
(1357, 833)(149, 190, 29)
(1378, 778)(208, 14, 39)
(1382, 758)(99, 252, 75)
(1285, 784)(244, 107, 237)
(1221, 735)(0, 212, 92)
(1127, 753)(41, 79, 179)
(1189, 803)(62, 207, 193)
(1170, 844)(102, 132, 58)
(1205, 879)(239, 30, 152)
(1191, 899)(11, 143, 152)
(1141, 905)(245, 42, 74)
(1166, 911)(174, 226, 211)
(1166, 895)(46, 42, 191)
(1160, 875)(178, 44, 203)
(1283, 903)(225, 113, 24)
(1170, 729)(164, 9, 29)
(1160, 716)(115, 32, 228)
(1410, 686)(10, 103, 179)
(1380, 667)(89, 211, 252)
(1353, 626)(22, 3, 247)
(1361, 608)(4, 51, 253)
(1289, 628)(77, 121, 196)
(1189, 591)(139, 213, 96)
(1033, 663)(238, 85, 102)
(1102, 618)(153, 198, 207)
(1182, 519)(239, 102, 174)
(1248, 562)(133, 134, 207)
(1260, 495)(162, 177, 111)
(1326, 448)(129, 238, 159)
(1404, 567)(8, 123, 158)
(1146, 474)(33, 136, 185)
(1111, 376)(159, 251, 198)
(1234, 351)(116, 146, 1)
(1297, 341)(214, 74, 63)
(1380, 331)(84, 53, 250)
(1343, 300)(50, 18, 8)
(1394, 259)(12, 63, 118)
(1258, 298)(57, 46, 113)
(1279, 261)(24, 3, 66)
(1279, 203)(248, 206, 139)
(1226, 214)(222, 100, 245)
(1203, 199)(105, 16, 11)
(1234, 166)(156, 214, 195)
(1258, 158)(241, 108, 200)
(1263, 154)(169, 132, 208)
(1287, 164)(153, 250, 250)
(1287, 148)(200, 244, 104)
(1339, 152)(85, 135, 212)
(1189, 339)(34, 154, 52)
(1238, 386)(190, 243, 12)
(1115, 279)(66, 76, 147)
(1092, 331)(8, 118, 202)
(1135, 267)(247, 31, 108)
(1369, 193)(143, 8, 34)
(1390, 181)(161, 125, 115)
(1406, 228)(153, 227, 115)
(1343, 138)(57, 228, 217)
(1384, 113)(191, 106, 134)
(1176, 90)(38, 234, 104)
(1125, 117)(174, 41, 51)
(1098, 90)(77, 221, 149)
(1404, 80)(38, 21, 220)
(1378, 507)(63, 220, 87)
(1421, 472)(59, 57, 243)
