(298, 274)(159, 63, 196)
(256, 169)(24, 88, 193)
(397, 148)(92, 177, 118)
(563, 151)(15, 187, 214)
(403, 262)(164, 175, 249)
(485, 412)(153, 249, 85)
(328, 473)(140, 23, 185)
(319, 581)(121, 65, 226)
(253, 602)(15, 180, 162)
(184, 617)(13, 246, 141)
(184, 578)(146, 89, 106)
(647, 533)(185, 251, 187)
(798, 223)(114, 93, 11)
(906, 271)(202, 6, 28)
(1313, 199)(230, 72, 2)
(1246, 455)(0, 4, 175)
(1120, 406)(68, 206, 208)
(1132, 452)(114, 60, 143)
(1081, 464)(135, 123, 173)
(1039, 491)(35, 62, 216)
(1039, 575)(239, 3, 64)
(1081, 602)(54, 151, 242)
(1135, 635)(173, 192, 14)
(720, 641)(160, 214, 162)
(849, 680)(58, 76, 111)
(879, 828)(0, 64, 251)
(322, 894)(119, 245, 124)
(358, 1009)(12, 128, 55)
(497, 1090)(241, 179, 11)
(671, 1069)(1, 172, 144)
(771, 1051)(215, 92, 159)
(807, 1006)(192, 154, 232)
(1009, 1048)(243, 97, 41)
(1195, 951)(8, 75, 80)
(1265, 882)(47, 42, 250)
(1174, 816)(44, 219, 155)
(1367, 659)(234, 117, 209)
(1454, 786)(198, 183, 192)
(1469, 873)(199, 39, 108)
(1502, 897)(164, 246, 18)
(1596, 873)(113, 77, 98)
(1602, 792)(109, 180, 15)
(1563, 717)(122, 127, 26)
(1596, 689)(112, 37, 110)
(1683, 900)(211, 73, 228)
(1542, 948)(163, 131, 125)
(1767, 855)(119, 247, 224)
(1897, 1042)(70, 60, 74)
(1927, 1006)(53, 148, 218)
(1990, 795)(145, 247, 95)
(2047, 807)(23, 79, 128)
(2038, 602)(57, 188, 144)
(1942, 656)(80, 182, 232)
(1852, 720)(100, 56, 182)
(1746, 605)(120, 160, 146)
(1647, 539)(143, 184, 151)
(1710, 527)(187, 51, 222)
(1635, 406)(133, 52, 226)
(1587, 403)(85, 182, 40)
(1698, 196)(57, 74, 176)
(1779, 250)(184, 119, 143)
(2023, 187)(132, 157, 34)
(1867, 358)(113, 84, 194)
(1879, 316)(126, 73, 38)
(1897, 406)(60, 145, 168)
(1888, 428)(73, 116, 126)
(1755, 376)(165, 118, 7)
(1433, 268)(207, 179, 68)
(1274, 1051)(231, 125, 50)
(1255, 1078)(119, 96, 207)
(1331, 1096)(67, 24, 215)
(1659, 1189)(232, 162, 206)
(1638, 1243)(243, 229, 158)
(1837, 1171)(242, 148, 97)
(1963, 1195)(17, 22, 45)
(1951, 1120)(174, 228, 11)
(1602, 1228)(200, 117, 107)
(1535, 1298)(49, 250, 236)
(1695, 1505)(217, 118, 42)
(1993, 1484)(86, 79, 188)
(1623, 1743)(178, 17, 132)
(1629, 1704)(115, 242, 138)
(1737, 1701)(171, 71, 54)
(1710, 1683)(99, 249, 184)
(1719, 1819)(116, 104, 212)
(1698, 1909)(56, 100, 103)
(1680, 1978)(144, 34, 52)
(1647, 1975)(174, 94, 16)
(1617, 1837)(66, 158, 42)
(1587, 1837)(93, 162, 154)
(1551, 1822)(98, 191, 155)
(1394, 1999)(152, 19, 150)
(1243, 1990)(46, 164, 20)
(1391, 1855)(16, 59, 138)
(1439, 1825)(225, 156, 22)
(1481, 1782)(238, 151, 254)
(1542, 1674)(129, 6, 31)
(1520, 1487)(181, 17, 3)
(1412, 1529)(82, 167, 157)
(1355, 1328)(175, 43, 36)
(1403, 1222)(155, 214, 143)
(1183, 1177)(92, 251, 129)
(1099, 1298)(88, 228, 106)
(1171, 1277)(254, 177, 241)
(1213, 1307)(47, 172, 233)
(1286, 1635)(32, 156, 193)
(1355, 1641)(29, 38, 100)
(1255, 1776)(171, 119, 203)
(1180, 1828)(138, 224, 61)
(1153, 1641)(188, 46, 164)
(1084, 1596)(89, 89, 16)
(1033, 1578)(44, 207, 53)
(1027, 1788)(50, 144, 190)
(975, 1993)(208, 160, 219)
(945, 1963)(227, 57, 152)
(774, 1758)(140, 149, 99)
(750, 1782)(115, 135, 97)
(629, 1915)(148, 121, 72)
(602, 1954)(37, 166, 250)
(566, 1939)(187, 35, 234)
(428, 1948)(137, 73, 234)
(235, 1960)(224, 247, 62)
(244, 1909)(219, 190, 136)
(271, 1885)(59, 135, 130)
(512, 1791)(7, 237, 237)
(325, 1701)(21, 207, 217)
(223, 1593)(176, 148, 116)
(190, 1364)(90, 206, 160)
(340, 1078)(150, 195, 69)
(569, 1156)(62, 205, 163)
(325, 1448)(201, 211, 232)
(397, 1584)(61, 241, 244)
(361, 1617)(173, 49, 184)
(542, 1599)(60, 175, 183)
(611, 1511)(198, 191, 187)
(632, 1334)(147, 233, 179)
(753, 1466)(21, 203, 224)
(771, 1400)(98, 211, 200)
(1057, 1445)(94, 70, 215)
(1024, 1397)(71, 214, 64)
(897, 1286)(75, 250, 243)
(942, 1219)(117, 251, 230)
(906, 1207)(42, 49, 186)
(885, 1153)(200, 59, 31)
(906, 1334)(160, 79, 99)
