(302, 234)(170, 168, 195)
(261, 211)(227, 8, 2)
(258, 155)(107, 233, 252)
(386, 170)(38, 235, 197)
(401, 208)(61, 219, 190)
(457, 208)(170, 215, 218)
(439, 184)(98, 35, 5)
(501, 176)(63, 183, 129)
(629, 164)(49, 86, 197)
(471, 249)(105, 156, 38)
(506, 255)(234, 150, 195)
(544, 293)(174, 28, 85)
(577, 261)(252, 63, 227)
(603, 290)(75, 71, 86)
(664, 302)(251, 194, 125)
(653, 258)(142, 33, 97)
(650, 217)(107, 12, 200)
(626, 222)(153, 141, 7)
(445, 307)(4, 158, 245)
(354, 307)(243, 198, 141)
(372, 304)(29, 167, 245)
(357, 275)(126, 132, 141)
(275, 287)(92, 37, 40)
(258, 331)(159, 29, 225)
(281, 360)(210, 73, 33)
(272, 386)(8, 7, 232)
(354, 416)(223, 94, 224)
(310, 498)(52, 28, 237)
(331, 518)(195, 240, 164)
(518, 506)(164, 149, 121)
(503, 460)(237, 31, 116)
(603, 483)(214, 134, 125)
(635, 439)(96, 171, 31)
(618, 416)(98, 246, 235)
(594, 416)(75, 68, 5)
(533, 407)(195, 12, 152)
(588, 366)(194, 245, 2)
(609, 372)(247, 82, 22)
(600, 542)(179, 95, 61)
(632, 556)(79, 237, 132)
(676, 530)(120, 251, 171)
(656, 503)(83, 159, 111)
(688, 553)(148, 4, 24)
(477, 591)(116, 59, 15)
(448, 562)(231, 95, 12)
(369, 577)(37, 55, 69)
(328, 597)(191, 142, 207)
(348, 621)(231, 133, 241)
(407, 615)(73, 21, 177)
(460, 662)(25, 144, 9)
(527, 700)(158, 125, 200)
(559, 638)(105, 245, 5)
(550, 752)(151, 114, 75)
(574, 726)(151, 17, 100)
(603, 752)(197, 53, 155)
(471, 796)(64, 146, 113)
(427, 796)(243, 53, 49)
(401, 717)(201, 177, 141)
(372, 767)(26, 81, 51)
(340, 752)(254, 101, 157)
(263, 726)(81, 61, 128)
(389, 799)(171, 129, 208)
(334, 834)(53, 21, 157)
(246, 913)(98, 65, 127)
(278, 905)(209, 122, 66)
(299, 881)(62, 4, 204)
(348, 940)(111, 16, 102)
(328, 931)(200, 197, 106)
(340, 899)(29, 238, 14)
(316, 905)(112, 66, 176)
(430, 837)(94, 205, 5)
(480, 861)(231, 60, 104)
(463, 843)(80, 165, 251)
(588, 872)(254, 152, 94)
(583, 852)(46, 250, 11)
(647, 837)(7, 189, 114)
(606, 945)(237, 105, 250)
(641, 984)(76, 224, 10)
(647, 919)(27, 245, 41)
(503, 1004)(0, 136, 113)
(313, 1007)(177, 139, 100)
(357, 1039)(174, 118, 200)
(407, 951)(196, 246, 180)
(287, 1130)(31, 58, 188)
(304, 1241)(36, 114, 82)
(342, 1285)(176, 29, 121)
(427, 1267)(111, 24, 108)
(492, 1241)(210, 196, 135)
(498, 1200)(74, 221, 54)
(463, 1153)(175, 167, 133)
(381, 1136)(146, 181, 230)
(413, 1083)(64, 71, 248)
(451, 1080)(239, 234, 249)
(512, 1066)(85, 101, 169)
(600, 1045)(107, 187, 82)
(562, 1109)(182, 241, 125)
(501, 1133)(210, 137, 112)
(477, 1109)(73, 0, 204)
(515, 1162)(253, 198, 199)
(585, 1162)(109, 176, 94)
(638, 1124)(32, 89, 52)
(562, 1232)(38, 213, 177)
(626, 1241)(122, 46, 19)
(623, 1352)(204, 129, 155)
(618, 1402)(177, 15, 50)
(591, 1434)(188, 210, 128)
(556, 1423)(130, 207, 248)
(430, 1452)(60, 83, 139)
(427, 1423)(85, 25, 170)
(395, 1449)(223, 90, 86)
(354, 1411)(222, 13, 42)
(331, 1426)(186, 17, 56)
(296, 1408)(78, 242, 185)
(404, 1338)(238, 251, 1)
(395, 1317)(54, 69, 216)
(369, 1308)(131, 207, 24)
(641, 1540)(17, 230, 11)
(506, 1546)(194, 6, 165)
(477, 1519)(65, 214, 169)
(442, 1537)(53, 89, 32)
(398, 1543)(41, 149, 246)
(410, 1499)(221, 54, 177)
(316, 1528)(84, 181, 184)
(296, 1490)(157, 41, 94)
(249, 1496)(180, 132, 205)
(243, 1575)(185, 106, 93)
(299, 1560)(116, 128, 236)
(225, 1622)(197, 188, 166)
(196, 1704)(213, 170, 113)
(211, 1800)(137, 48, 141)
(240, 1707)(197, 250, 44)
(258, 1663)(54, 208, 40)
(222, 1660)(150, 199, 46)
(258, 1765)(17, 210, 83)
(340, 1660)(189, 132, 23)
(392, 1680)(122, 65, 148)
(416, 1613)(3, 109, 117)
(521, 1707)(66, 151, 53)
(480, 1707)(202, 86, 169)
(565, 1625)(78, 40, 55)
(629, 1686)(160, 112, 195)
(401, 1832)(49, 17, 182)
(436, 1774)(203, 196, 108)
(512, 1797)(237, 62, 138)
(562, 1830)(86, 180, 227)
(591, 1859)(112, 145, 213)
(451, 1879)(148, 157, 124)
(266, 1897)(122, 17, 81)
(228, 1891)(174, 148, 227)
(366, 1882)(126, 53, 98)
(644, 1806)(128, 150, 33)
(659, 1897)(23, 140, 231)
(711, 1900)(189, 243, 210)
(703, 1832)(40, 111, 189)
(667, 1750)(25, 73, 165)
(673, 1695)(189, 57, 27)
(682, 1642)(29, 130, 188)
(673, 1607)(191, 31, 69)
(673, 1525)(170, 37, 235)
(714, 1549)(149, 0, 16)
(717, 1587)(159, 62, 85)
(732, 1657)(158, 137, 116)
(746, 1633)(124, 49, 200)
(787, 1607)(162, 34, 241)
(726, 1616)(196, 51, 22)
(705, 1704)(45, 238, 44)
(705, 1736)(183, 13, 190)
(746, 1742)(147, 220, 55)
(755, 1806)(105, 140, 254)
(787, 1800)(238, 77, 249)
(776, 1765)(19, 78, 115)
(823, 1821)(144, 116, 129)
(793, 1824)(235, 187, 101)
(782, 1911)(6, 160, 171)
(805, 1894)(21, 17, 149)
(858, 1879)(117, 10, 132)
(919, 1906)(81, 80, 96)
(992, 1879)(23, 29, 213)
(1025, 1888)(75, 245, 229)
(1074, 1917)(103, 134, 93)
(1066, 1835)(5, 179, 46)
(1089, 1841)(191, 193, 230)
(1071, 1809)(94, 159, 63)
(992, 1844)(233, 240, 126)
(1013, 1821)(116, 145, 213)
(984, 1797)(150, 78, 44)
(910, 1818)(69, 16, 77)
(869, 1853)(117, 194, 49)
(881, 1783)(150, 50, 0)
(896, 1750)(138, 254, 241)
(951, 1791)(193, 91, 16)
(998, 1724)(73, 122, 21)
(1098, 1745)(192, 150, 195)
(840, 1680)(226, 225, 30)
(782, 1660)(182, 129, 144)
(808, 1645)(91, 48, 45)
(831, 1598)(208, 183, 76)
(872, 1642)(86, 107, 223)
(875, 1557)(88, 198, 96)
(890, 1519)(221, 181, 79)
(840, 1493)(33, 185, 230)
(981, 1587)(39, 182, 34)
(1060, 1613)(252, 238, 59)
(1074, 1546)(84, 153, 188)
(1030, 1510)(49, 35, 16)
(1029, 1409)(32, 183, 65)
(934, 1459)(102, 195, 124)
(1068, 1471)(30, 252, 68)
(999, 1422)(22, 238, 191)
(1058, 1317)(61, 107, 88)
(1027, 1334)(69, 164, 188)
(995, 1325)(249, 227, 55)
(950, 1370)(30, 217, 114)
(915, 1394)(248, 168, 223)
(862, 1402)(233, 117, 155)
(877, 1385)(168, 15, 0)
(897, 1360)(127, 254, 186)
(834, 1378)(194, 157, 129)
(774, 1415)(138, 97, 95)
(684, 1445)(216, 164, 5)
(676, 1416)(3, 72, 97)
(697, 1399)(187, 78, 216)
(709, 1295)(51, 106, 253)
(754, 1328)(75, 10, 118)
(745, 1311)(46, 173, 81)
(896, 1235)(13, 150, 3)
(869, 1244)(47, 107, 43)
(825, 1232)(227, 169, 91)
(817, 1194)(31, 11, 54)
(714, 1238)(204, 15, 91)
(694, 1118)(116, 243, 247)
(723, 1086)(28, 108, 97)
(685, 1066)(253, 134, 104)
(837, 1092)(67, 99, 40)
(916, 1127)(168, 141, 3)
(899, 1320)(68, 234, 99)
(978, 1273)(194, 244, 32)
(1030, 1203)(211, 21, 15)
(978, 1106)(250, 37, 228)
(1063, 1115)(172, 193, 239)
(1027, 1027)(195, 200, 50)
(948, 1227)(1, 248, 152)
(940, 1191)(172, 168, 140)
(1150, 1197)(183, 28, 146)
(1165, 1057)(24, 220, 224)
(1221, 1077)(104, 245, 198)
(1279, 1068)(37, 86, 17)
(1235, 1124)(58, 234, 167)
(1267, 1168)(156, 110, 156)
(1218, 1232)(132, 37, 73)
(1133, 1317)(117, 215, 12)
(1162, 1355)(191, 209, 191)
(1127, 1481)(192, 94, 99)
(1127, 1388)(207, 221, 43)
(1267, 1508)(107, 205, 135)
(1311, 1467)(132, 148, 121)
(1300, 1431)(90, 134, 231)
(1291, 1388)(122, 202, 13)
(1355, 1399)(210, 82, 181)
(1332, 1382)(234, 56, 4)
(1338, 1428)(168, 136, 136)
(1431, 1496)(53, 127, 58)
(1431, 1437)(178, 115, 27)
(1490, 1452)(84, 46, 221)
(1464, 1399)(37, 151, 159)
(1414, 1326)(68, 239, 185)
(1376, 1323)(139, 106, 55)
(1338, 1279)(122, 186, 197)
(1294, 1218)(202, 30, 19)
(1414, 1209)(51, 55, 88)
(1446, 1174)(132, 254, 189)
(1358, 1156)(164, 75, 246)
(1396, 1156)(175, 134, 19)
(1452, 1089)(29, 46, 166)
(1534, 1168)(252, 153, 136)
(1546, 1265)(219, 69, 7)
(1446, 1291)(169, 150, 167)
(1563, 1329)(142, 207, 56)
(1595, 1270)(59, 116, 42)
(1177, 1739)(200, 65, 227)
(1270, 1800)(133, 229, 61)
(1306, 1777)(251, 173, 192)
(1297, 1739)(129, 231, 174)
(1238, 1636)(115, 236, 36)
(1197, 1589)(68, 147, 152)
(1241, 1595)(31, 107, 165)
(1267, 1589)(235, 208, 42)
(1338, 1528)(229, 126, 213)
(1469, 1575)(229, 47, 165)
(1537, 1578)(239, 12, 97)
(1508, 1587)(82, 108, 252)
(1490, 1519)(64, 252, 221)
(1549, 1534)(147, 126, 70)
(1434, 1669)(98, 43, 187)
(1361, 1680)(233, 121, 84)
(1308, 1692)(59, 132, 80)
(1358, 1800)(56, 184, 55)
(1490, 1870)(135, 81, 88)
(1519, 1856)(66, 113, 114)
(1510, 1768)(106, 182, 41)
(1352, 1909)(209, 61, 157)
(1297, 1950)(101, 175, 194)
(1285, 1900)(188, 201, 3)
(1229, 1870)(176, 9, 110)
(1209, 1885)(133, 244, 249)
(1194, 1797)(110, 185, 148)
(1171, 1870)(8, 171, 110)
(1142, 1868)(111, 177, 237)
(1279, 1868)(164, 209, 121)
(1355, 1654)(245, 64, 0)
(1560, 1677)(219, 98, 252)
(1625, 1671)(136, 57, 206)
(1604, 1563)(210, 165, 154)
(1566, 1502)(203, 247, 120)
(1654, 1551)(26, 34, 208)
(1663, 1528)(126, 124, 213)
(1698, 1540)(204, 179, 128)
(1821, 1557)(58, 60, 58)
(1674, 1756)(210, 132, 200)
(1736, 1712)(175, 235, 105)
(1663, 1660)(112, 139, 103)
(1569, 1821)(18, 174, 131)
(1633, 1832)(48, 78, 39)
(1692, 1809)(86, 102, 240)
(1724, 1941)(22, 166, 224)
(1745, 1926)(254, 230, 88)
(1850, 1923)(19, 33, 244)
(1865, 1964)(187, 197, 73)
(1917, 1847)(2, 178, 53)
(2023, 1853)(227, 135, 181)
(2002, 1753)(54, 35, 76)
(1950, 1718)(4, 193, 170)
(2011, 1718)(193, 189, 53)
(1988, 1677)(160, 36, 143)
(1929, 1669)(4, 229, 98)
(1885, 1651)(83, 54, 191)
(1838, 1794)(4, 234, 224)
(1841, 1815)(31, 163, 10)
(1888, 1803)(219, 71, 242)
(1844, 1762)(83, 24, 198)
(1791, 1742)(162, 68, 165)
(2020, 1595)(19, 42, 151)
(2017, 1534)(225, 160, 228)
(1996, 1478)(141, 180, 217)
(1952, 1484)(229, 185, 218)
(1885, 1496)(95, 8, 99)
(1806, 1487)(158, 230, 231)
(1727, 1458)(62, 45, 236)
(1800, 1440)(150, 223, 235)
(1818, 1428)(91, 175, 93)
(1850, 1428)(34, 13, 10)
(1903, 1411)(251, 114, 124)
(1973, 1373)(201, 7, 245)
(1900, 1364)(42, 22, 121)
(1917, 1314)(171, 18, 79)
(1979, 1270)(155, 45, 84)
(1999, 1253)(75, 234, 214)
(1885, 1344)(57, 155, 185)
(1873, 1303)(55, 225, 99)
(1841, 1282)(118, 82, 87)
(1806, 1388)(230, 236, 182)
(1759, 1355)(146, 62, 216)
(1718, 1344)(141, 233, 110)
(1759, 1291)(208, 154, 25)
(1774, 1253)(205, 13, 244)
(1651, 1229)(166, 35, 192)
(1633, 1206)(230, 44, 224)
(1645, 1188)(181, 188, 12)
(1698, 1215)(149, 167, 232)
(1724, 1232)(229, 113, 16)
(1733, 1212)(253, 129, 32)
(1777, 1086)(189, 20, 182)
(1835, 1130)(175, 137, 88)
(1859, 1162)(129, 11, 13)
(1906, 1086)(204, 151, 237)
(1947, 1115)(206, 191, 110)
(1970, 1071)(225, 234, 158)
(1941, 1027)(46, 14, 205)
(1999, 1004)(115, 216, 184)
(2002, 951)(145, 21, 186)
(1961, 969)(40, 56, 55)
(1929, 951)(47, 39, 157)
(1964, 858)(57, 226, 248)
(1941, 834)(161, 25, 198)
(1973, 820)(214, 142, 14)
(2002, 840)(140, 54, 150)
(1926, 872)(72, 244, 2)
(1897, 846)(109, 176, 171)
(1876, 875)(185, 70, 62)
(1830, 931)(84, 157, 44)
(1780, 989)(1, 169, 155)
(1806, 1019)(95, 184, 242)
(1718, 1036)(197, 147, 147)
(1589, 966)(229, 34, 79)
(1701, 986)(244, 123, 127)
(1581, 945)(217, 136, 132)
(1636, 937)(20, 119, 165)
(1557, 890)(104, 163, 53)
(1771, 846)(196, 202, 191)
(1701, 861)(52, 159, 241)
(1759, 782)(30, 124, 149)
(1865, 764)(5, 94, 29)
(1944, 720)(249, 180, 85)
(1935, 685)(25, 215, 231)
(1999, 673)(9, 86, 148)
(1873, 705)(201, 238, 128)
(1841, 679)(237, 144, 82)
(1783, 711)(241, 51, 194)
(1791, 688)(3, 70, 181)
(1692, 764)(112, 3, 104)
(1712, 670)(137, 38, 108)
(1636, 705)(163, 70, 101)
(1581, 647)(86, 179, 133)
(1587, 773)(86, 3, 155)
(1499, 869)(246, 67, 169)
(1537, 828)(220, 81, 104)
(1516, 714)(180, 40, 211)
(1490, 729)(210, 89, 78)
(1490, 667)(79, 244, 206)
(1522, 641)(135, 225, 45)
(1510, 609)(132, 86, 18)
(1431, 811)(34, 182, 108)
(1402, 869)(159, 3, 233)
(1364, 861)(36, 98, 57)
(1408, 831)(187, 122, 152)
(1370, 817)(229, 63, 249)
(1408, 720)(163, 213, 189)
(1349, 948)(221, 187, 226)
(1323, 940)(125, 168, 101)
(1227, 957)(105, 102, 81)
(1209, 943)(182, 57, 46)
(1177, 1010)(35, 128, 176)
(1162, 951)(146, 213, 73)
(1121, 1001)(7, 211, 206)
(1083, 1010)(110, 252, 130)
(1156, 881)(226, 156, 132)
(1109, 864)(155, 120, 206)
(1071, 925)(21, 219, 224)
(998, 951)(17, 2, 191)
(943, 963)(58, 165, 79)
(773, 992)(166, 114, 107)
(793, 960)(66, 63, 187)
(823, 925)(152, 33, 82)
(858, 893)(138, 216, 65)
(919, 896)(169, 11, 7)
(972, 910)(127, 165, 123)
(984, 902)(95, 143, 37)
(1022, 878)(80, 79, 180)
(937, 855)(87, 217, 94)
(957, 820)(70, 127, 97)
(981, 749)(220, 197, 68)
(872, 793)(96, 163, 210)
(767, 899)(251, 229, 21)
(817, 884)(198, 117, 152)
(773, 864)(152, 157, 162)
(787, 820)(167, 143, 62)
(726, 843)(49, 24, 93)
(735, 790)(215, 92, 16)
(711, 746)(234, 119, 127)
(711, 726)(148, 210, 56)
(705, 667)(248, 192, 157)
(720, 612)(7, 62, 72)
(764, 597)(246, 13, 119)
(817, 752)(100, 130, 237)
(823, 691)(143, 132, 93)
(940, 749)(61, 244, 150)
(872, 682)(224, 6, 5)
(855, 650)(120, 252, 178)
(978, 635)(33, 2, 233)
(1060, 670)(219, 201, 181)
(1089, 720)(34, 222, 188)
(1098, 650)(135, 35, 176)
(1241, 823)(202, 85, 239)
(1285, 779)(60, 207, 146)
(1250, 746)(95, 232, 199)
(1265, 705)(77, 15, 41)
(1265, 670)(20, 111, 174)
(1332, 849)(122, 217, 203)
(1291, 852)(167, 124, 52)
(1206, 846)(205, 215, 65)
(925, 735)(199, 225, 99)
(972, 591)(189, 155, 44)
(1162, 609)(218, 252, 26)
(1267, 591)(87, 104, 125)
(1426, 752)(192, 195, 102)
(1604, 594)(137, 7, 33)
(1827, 568)(17, 196, 184)
(1791, 577)(178, 88, 239)
(1707, 583)(123, 24, 227)
(1669, 544)(113, 16, 18)
(1616, 501)(64, 32, 254)
(1592, 483)(203, 51, 127)
(1610, 436)(35, 144, 202)
(1572, 422)(29, 37, 113)
(1622, 389)(108, 8, 232)
(1666, 392)(48, 211, 39)
(1695, 422)(151, 154, 66)
(1721, 448)(153, 83, 37)
(1762, 448)(222, 132, 188)
(1812, 445)(45, 116, 28)
(1985, 583)(57, 40, 60)
(1991, 509)(221, 146, 224)
(2014, 381)(163, 71, 232)
(1991, 351)(79, 242, 87)
(1958, 328)(153, 134, 195)
(1935, 310)(51, 176, 195)
(1911, 307)(156, 173, 84)
(1786, 173)(182, 153, 23)
(1753, 249)(109, 166, 12)
(1870, 240)(121, 51, 88)
(1917, 173)(192, 115, 252)
(1698, 296)(57, 62, 44)
(1531, 533)(102, 124, 0)
(1534, 465)(216, 247, 68)
(1537, 477)(149, 250, 135)
(1502, 471)(186, 148, 200)
(1513, 436)(160, 238, 23)
(1546, 331)(53, 175, 178)
(1478, 299)(113, 121, 5)
(1487, 275)(149, 139, 163)
(1487, 246)(187, 97, 212)
(1551, 196)(86, 225, 148)
(1522, 184)(83, 89, 227)
(1414, 202)(239, 41, 211)
(1388, 179)(235, 61, 225)
(1431, 284)(200, 149, 249)
(1428, 524)(154, 209, 123)
(1376, 454)(157, 65, 180)
(1270, 471)(95, 64, 102)
(1352, 424)(233, 53, 186)
(1373, 518)(252, 167, 143)
(1203, 568)(57, 185, 163)
(1177, 547)(223, 81, 145)
(1142, 509)(56, 134, 14)
(1206, 506)(183, 174, 173)
(1203, 460)(127, 44, 49)
(1349, 354)(200, 216, 61)
(1335, 310)(212, 204, 63)
(1373, 302)(151, 81, 70)
(1335, 220)(211, 179, 50)
(1273, 155)(24, 253, 182)
(1197, 158)(110, 16, 168)
(1191, 184)(248, 194, 218)
(1209, 228)(80, 69, 85)
(1209, 331)(233, 52, 65)
(1183, 307)(205, 226, 176)
(1177, 357)(11, 164, 174)
(1455, 442)(85, 97, 72)
(1045, 574)(126, 31, 106)
(1030, 553)(62, 57, 207)
(1048, 533)(203, 26, 149)
(1022, 518)(174, 177, 97)
(1109, 521)(43, 162, 115)
(1118, 471)(48, 165, 248)
(1121, 433)(100, 77, 198)
(1095, 392)(222, 253, 208)
(1063, 354)(167, 210, 78)
(1086, 302)(210, 52, 63)
(1127, 161)(145, 187, 170)
(1016, 202)(157, 186, 245)
(910, 143)(232, 105, 183)
(746, 179)(106, 57, 64)
(700, 284)(193, 236, 214)
(744, 287)(162, 140, 221)
(749, 325)(42, 170, 234)
(729, 410)(189, 186, 247)
(711, 503)(182, 190, 168)
(682, 501)(252, 231, 220)
(758, 509)(154, 204, 163)
(834, 547)(167, 195, 132)
(884, 518)(28, 112, 119)
(922, 568)(53, 199, 75)
(957, 536)(205, 155, 42)
(978, 501)(93, 199, 118)
(937, 492)(14, 104, 18)
(975, 445)(49, 160, 52)
(1039, 451)(72, 98, 44)
(840, 439)(102, 208, 81)
(905, 357)(30, 239, 120)
(834, 404)(79, 133, 208)
(957, 383)(202, 41, 98)
(1022, 366)(109, 147, 57)
(893, 328)(166, 154, 174)
(864, 307)(197, 199, 243)
(866, 272)(244, 185, 44)
(834, 266)(71, 98, 87)
(782, 243)(166, 216, 223)
(846, 208)(162, 16, 195)
(872, 202)(32, 86, 243)
(902, 278)(231, 46, 181)
(931, 272)(35, 88, 131)
(960, 258)(42, 69, 134)
(1361, 764)(150, 247, 180)
