(213, 171)(63, 132, 55)
(222, 123)(167, 156, 18)
(161, 133)(122, 37, 48)
(153, 185)(211, 150, 40)
(270, 163)(40, 81, 207)
(294, 185)(164, 184, 70)
(250, 217)(101, 150, 59)
(250, 189)(187, 99, 156)
(276, 219)(88, 210, 60)
(232, 244)(64, 39, 29)
(224, 260)(233, 39, 153)
(147, 252)(141, 228, 132)
(161, 314)(37, 126, 57)
(220, 328)(234, 213, 13)
(215, 346)(132, 25, 243)
(282, 324)(89, 72, 238)
(266, 314)(177, 206, 73)
(286, 290)(65, 74, 37)
(310, 280)(130, 223, 89)
(332, 284)(234, 55, 195)
(312, 300)(190, 59, 115)
(316, 324)(158, 27, 23)
(294, 344)(7, 159, 250)
(395, 300)(58, 176, 171)
(375, 280)(241, 125, 144)
(419, 238)(126, 163, 66)
(340, 181)(6, 59, 3)
(407, 369)(220, 145, 162)
(411, 336)(152, 45, 226)
(429, 304)(245, 102, 141)
(383, 401)(15, 242, 175)
(300, 397)(207, 116, 58)
(278, 419)(97, 204, 43)
(258, 391)(243, 22, 121)
(201, 407)(25, 9, 93)
(217, 429)(137, 41, 177)
(191, 441)(185, 35, 178)
(181, 497)(242, 228, 75)
(252, 516)(107, 249, 234)
(236, 532)(19, 163, 92)
(205, 544)(82, 80, 105)
(163, 594)(74, 83, 120)
(250, 560)(167, 136, 1)
(316, 560)(132, 35, 105)
(312, 534)(69, 238, 156)
(330, 493)(174, 192, 34)
(282, 447)(70, 188, 201)
(393, 481)(113, 168, 80)
(371, 528)(236, 175, 33)
(379, 554)(29, 175, 116)
(407, 578)(17, 252, 110)
(362, 586)(249, 93, 159)
(332, 574)(170, 227, 157)
(324, 614)(115, 93, 51)
(338, 624)(236, 244, 90)
(379, 612)(207, 241, 160)
(399, 640)(33, 185, 113)
(419, 620)(242, 147, 154)
(350, 669)(196, 76, 73)
(387, 673)(167, 122, 1)
(411, 669)(46, 219, 188)
(369, 640)(50, 140, 145)
(264, 610)(140, 36, 217)
(244, 675)(83, 125, 35)
(228, 695)(74, 71, 69)
(201, 711)(21, 41, 154)
(274, 763)(116, 147, 122)
(296, 733)(247, 78, 62)
(213, 773)(51, 226, 232)
(163, 864)(40, 41, 27)
(189, 862)(4, 234, 82)
(163, 803)(97, 201, 133)
(222, 862)(168, 50, 29)
(258, 872)(232, 177, 216)
(274, 848)(182, 89, 112)
(217, 904)(248, 16, 50)
(209, 920)(19, 250, 201)
(179, 920)(196, 18, 192)
(219, 950)(71, 105, 47)
(209, 997)(202, 97, 252)
(153, 969)(23, 233, 139)
(252, 985)(165, 101, 200)
(284, 997)(122, 77, 168)
(300, 957)(7, 101, 67)
(282, 944)(8, 31, 28)
(298, 920)(152, 187, 54)
(308, 902)(140, 88, 125)
(256, 898)(5, 226, 185)
(350, 910)(201, 241, 142)
(377, 936)(101, 120, 82)
(389, 908)(142, 231, 32)
(431, 894)(98, 235, 35)
(431, 832)(3, 80, 134)
(366, 805)(169, 86, 24)
(334, 812)(239, 128, 203)
(431, 783)(212, 203, 220)
(461, 765)(217, 230, 218)
(383, 1047)(243, 251, 177)
(411, 981)(185, 188, 72)
(369, 993)(248, 3, 218)
(304, 1067)(105, 37, 185)
(272, 1069)(27, 165, 142)
(250, 1063)(172, 155, 192)
(219, 1089)(123, 70, 23)
(167, 1128)(219, 153, 171)
(155, 1097)(13, 83, 3)
(197, 1228)(247, 110, 171)
(219, 1206)(250, 78, 218)
(169, 1257)(132, 163, 60)
(189, 1281)(21, 106, 48)
(167, 1303)(167, 77, 112)
(215, 1289)(21, 177, 205)
(163, 1353)(42, 230, 191)
(232, 1343)(68, 212, 64)
(272, 1299)(169, 25, 43)
(254, 1226)(161, 137, 9)
(322, 1204)(56, 1, 107)
(314, 1182)(189, 88, 5)
(318, 1170)(168, 226, 96)
(302, 1110)(133, 155, 45)
(334, 1104)(97, 149, 19)
(348, 1132)(158, 210, 110)
(383, 1156)(43, 197, 215)
(383, 1188)(93, 241, 45)
(443, 1166)(252, 147, 17)
(413, 1126)(183, 31, 215)
(437, 1108)(31, 132, 229)
(425, 1226)(52, 85, 73)
(437, 1206)(55, 137, 249)
(451, 1232)(114, 63, 186)
(387, 1269)(234, 113, 75)
(352, 1317)(202, 170, 19)
(393, 1359)(6, 186, 52)
(431, 1331)(48, 23, 63)
(256, 1120)(121, 82, 3)
(139, 1281)(76, 35, 168)
(473, 1355)(160, 119, 200)
(467, 1327)(231, 152, 112)
(481, 1317)(88, 235, 115)
(465, 1279)(96, 79, 20)
(497, 1267)(141, 67, 0)
(528, 1226)(77, 243, 162)
(507, 1214)(27, 52, 86)
(481, 1198)(91, 119, 138)
(503, 1172)(207, 151, 169)
(501, 1136)(201, 132, 27)
(503, 1098)(202, 112, 103)
(540, 1071)(204, 152, 151)
(586, 1063)(181, 49, 231)
(572, 1095)(250, 198, 30)
(656, 1108)(193, 221, 200)
(566, 1188)(223, 253, 46)
(592, 1234)(164, 13, 31)
(572, 1245)(33, 51, 36)
(544, 1281)(136, 129, 165)
(544, 1303)(41, 0, 70)
(604, 1321)(150, 41, 7)
(640, 1311)(78, 40, 113)
(687, 1317)(7, 224, 211)
(729, 1329)(166, 234, 163)
(743, 1301)(226, 170, 156)
(761, 1261)(93, 96, 19)
(753, 1238)(199, 139, 155)
(717, 1214)(86, 125, 129)
(691, 1251)(177, 182, 230)
(636, 1236)(26, 22, 63)
(671, 1220)(37, 57, 201)
(681, 1194)(247, 130, 200)
(632, 1190)(97, 68, 186)
(755, 1124)(76, 130, 231)
(749, 1077)(230, 145, 120)
(727, 1043)(46, 123, 141)
(757, 1059)(102, 40, 106)
(689, 1067)(96, 251, 234)
(795, 1041)(26, 178, 132)
(783, 1130)(217, 19, 20)
(820, 1120)(125, 105, 127)
(816, 1212)(63, 44, 125)
(793, 1242)(154, 153, 150)
(846, 1247)(56, 118, 107)
(888, 1247)(149, 105, 11)
(888, 1273)(49, 96, 16)
(886, 1297)(111, 71, 93)
(902, 1204)(241, 13, 248)
(876, 1174)(114, 188, 175)
(846, 1148)(106, 137, 42)
(892, 1154)(91, 153, 183)
(953, 1214)(27, 199, 240)
(963, 1180)(167, 144, 168)
(985, 1154)(219, 223, 151)
(1011, 1198)(107, 200, 105)
(1031, 1251)(203, 242, 8)
(1053, 1285)(140, 117, 227)
(1095, 1307)(186, 163, 126)
(1085, 1329)(159, 87, 251)
(1063, 1347)(136, 9, 22)
(1025, 1333)(71, 106, 102)
(1093, 1261)(181, 140, 17)
(1122, 1297)(243, 154, 196)
(1122, 1240)(52, 170, 225)
(1108, 1196)(193, 115, 172)
(1136, 1182)(211, 72, 126)
(1162, 1192)(227, 95, 184)
(1180, 1204)(188, 107, 54)
(1202, 1234)(79, 32, 219)
(1206, 1271)(186, 187, 112)
(1180, 1263)(219, 41, 73)
(1206, 1178)(198, 243, 198)
(1154, 1349)(215, 105, 194)
(1257, 1337)(248, 135, 136)
(1381, 1339)(210, 191, 215)
(1355, 1309)(196, 86, 121)
(1317, 1293)(66, 97, 164)
(1293, 1251)(30, 195, 220)
(1236, 1222)(84, 242, 59)
(1392, 1253)(200, 19, 15)
(1285, 1373)(3, 130, 66)
(1321, 1104)(116, 125, 176)
(1281, 1102)(67, 53, 170)
(1251, 1067)(234, 7, 90)
(1162, 1087)(107, 184, 156)
(1116, 1138)(179, 238, 38)
(1106, 1083)(194, 76, 16)
(1104, 1154)(169, 197, 46)
(1077, 1122)(141, 76, 39)
(1047, 1130)(226, 249, 48)
(983, 1079)(2, 142, 193)
(1027, 1055)(86, 26, 210)
(924, 1075)(138, 250, 35)
(892, 1051)(180, 107, 149)
(1202, 1033)(211, 166, 124)
(1236, 1023)(251, 179, 164)
(1343, 1031)(227, 196, 244)
(1116, 1031)(166, 114, 200)
(1404, 1100)(20, 160, 215)
(1371, 975)(244, 232, 76)
(1329, 989)(48, 36, 104)
(1261, 995)(184, 16, 195)
(1267, 967)(86, 74, 158)
(1208, 959)(59, 16, 160)
(1188, 975)(37, 196, 219)
(1154, 973)(253, 86, 77)
(1104, 983)(173, 128, 249)
(1071, 1019)(204, 22, 146)
(1053, 1003)(190, 191, 225)
(1021, 973)(72, 73, 249)
(950, 993)(30, 35, 215)
(880, 977)(136, 7, 163)
(830, 1013)(59, 9, 209)
(719, 1001)(135, 141, 94)
(693, 1005)(80, 219, 29)
(751, 969)(3, 16, 198)
(483, 1017)(143, 140, 173)
(534, 1029)(66, 70, 136)
(566, 1013)(53, 8, 70)
(449, 946)(8, 42, 184)
(473, 932)(142, 192, 131)
(463, 910)(111, 53, 215)
(481, 860)(101, 38, 188)
(560, 948)(195, 184, 38)
(594, 934)(56, 2, 105)
(518, 922)(203, 234, 183)
(667, 946)(166, 1, 35)
(562, 900)(33, 240, 121)
(697, 894)(158, 26, 240)
(705, 906)(60, 187, 21)
(731, 920)(128, 157, 35)
(735, 844)(219, 194, 23)
(777, 854)(176, 154, 104)
(709, 810)(13, 241, 250)
(721, 765)(32, 163, 77)
(658, 735)(21, 108, 25)
(618, 820)(139, 208, 46)
(570, 828)(108, 153, 230)
(584, 789)(251, 55, 55)
(511, 777)(176, 206, 0)
(509, 812)(141, 109, 81)
(512, 846)(186, 153, 137)
(568, 737)(229, 73, 103)
(546, 689)(188, 220, 219)
(566, 681)(9, 201, 105)
(590, 711)(186, 250, 200)
(654, 679)(196, 41, 230)
(610, 671)(141, 109, 152)
(622, 658)(195, 53, 23)
(596, 624)(43, 23, 144)
(628, 618)(151, 207, 168)
(574, 648)(191, 208, 65)
(518, 650)(76, 79, 170)
(507, 679)(208, 250, 193)
(483, 632)(246, 9, 252)
(495, 616)(55, 239, 222)
(501, 570)(6, 160, 88)
(487, 701)(9, 90, 2)
(544, 507)(6, 21, 42)
(516, 507)(1, 156, 253)
(489, 477)(183, 56, 94)
(572, 501)(106, 23, 179)
(548, 566)(230, 26, 4)
(634, 560)(163, 186, 73)
(658, 548)(241, 31, 24)
(713, 512)(59, 102, 89)
(695, 467)(105, 216, 7)
(711, 445)(170, 89, 29)
(608, 459)(112, 28, 143)
(646, 413)(243, 177, 37)
(566, 421)(188, 166, 239)
(598, 475)(5, 122, 196)
(656, 608)(21, 97, 202)
(753, 701)(170, 31, 135)
(838, 729)(159, 10, 150)
(888, 729)(2, 158, 94)
(898, 806)(196, 76, 88)
(914, 826)(121, 76, 229)
(898, 890)(192, 242, 104)
(940, 866)(12, 244, 199)
(975, 928)(86, 207, 31)
(965, 946)(48, 57, 101)
(1023, 910)(173, 233, 72)
(995, 882)(139, 169, 50)
(1007, 862)(88, 128, 82)
(1007, 830)(164, 0, 41)
(1063, 860)(121, 8, 32)
(1059, 924)(210, 225, 142)
(1091, 888)(162, 121, 234)
(1098, 950)(244, 109, 172)
(1238, 894)(117, 180, 125)
(1200, 860)(178, 158, 170)
(1194, 836)(178, 65, 192)
(1150, 810)(213, 26, 166)
(1164, 767)(73, 4, 172)
(1247, 801)(52, 193, 42)
(1283, 797)(3, 9, 170)
(1343, 890)(207, 219, 231)
(1369, 854)(13, 32, 169)
(1391, 806)(47, 79, 246)
(1379, 912)(183, 249, 136)
(1420, 880)(216, 218, 225)
(1400, 942)(108, 47, 140)
(1281, 725)(179, 130, 192)
(1259, 699)(7, 14, 120)
(1295, 685)(6, 100, 223)
(1317, 663)(239, 89, 204)
(1261, 648)(110, 170, 219)
(1301, 622)(119, 197, 115)
(1289, 598)(225, 176, 68)
(1269, 612)(45, 213, 160)
(1271, 592)(193, 132, 230)
(1249, 590)(48, 156, 123)
(1228, 584)(126, 67, 169)
(1162, 626)(79, 108, 137)
(1142, 624)(68, 103, 12)
(1156, 592)(35, 131, 22)
(1118, 572)(81, 174, 222)
(1144, 687)(126, 239, 51)
(1106, 729)(247, 87, 36)
(1091, 803)(187, 149, 90)
(1031, 751)(110, 105, 87)
(1069, 693)(189, 158, 28)
(1029, 705)(187, 39, 86)
(1031, 675)(132, 210, 67)
(1009, 658)(170, 170, 254)
(977, 687)(90, 112, 130)
(957, 717)(111, 234, 187)
(930, 729)(89, 112, 114)
(902, 681)(199, 37, 96)
(872, 614)(41, 227, 33)
(814, 658)(189, 25, 233)
(810, 622)(38, 50, 219)
(801, 580)(226, 41, 59)
(797, 548)(82, 139, 174)
(830, 548)(129, 158, 0)
(761, 574)(230, 82, 79)
(745, 520)(217, 121, 95)
(773, 475)(116, 232, 88)
(824, 467)(109, 88, 168)
(836, 526)(64, 149, 9)
(838, 503)(53, 183, 27)
(850, 479)(182, 139, 49)
(854, 457)(217, 26, 161)
(866, 441)(171, 75, 240)
(900, 455)(23, 42, 97)
(928, 469)(183, 251, 41)
(953, 471)(31, 183, 34)
(997, 451)(254, 16, 174)
(1017, 487)(177, 125, 153)
(969, 516)(181, 70, 252)
(914, 532)(232, 128, 84)
(882, 516)(243, 76, 228)
(874, 495)(99, 197, 93)
(1053, 445)(62, 201, 51)
(1077, 509)(102, 212, 49)
(953, 403)(100, 225, 170)
(944, 387)(21, 80, 183)
(967, 366)(31, 235, 43)
(818, 407)(146, 48, 174)
(795, 371)(207, 201, 187)
(868, 369)(54, 180, 123)
(830, 358)(231, 200, 114)
(882, 340)(254, 11, 216)
(932, 338)(67, 242, 70)
(910, 364)(253, 175, 10)
(1007, 358)(242, 146, 213)
(1065, 354)(52, 63, 233)
(1025, 318)(135, 83, 238)
(1146, 437)(35, 191, 42)
(1124, 461)(142, 130, 251)
(1164, 477)(152, 234, 120)
(1265, 520)(71, 157, 209)
(1297, 497)(245, 225, 14)
(1293, 540)(249, 167, 136)
(1134, 534)(41, 34, 238)
(1301, 431)(113, 164, 202)
(1353, 409)(124, 70, 132)
(1194, 381)(37, 216, 191)
(1198, 348)(151, 238, 247)
(1184, 318)(198, 164, 158)
(1156, 366)(220, 173, 172)
(1128, 393)(89, 159, 211)
(1098, 399)(128, 69, 113)
(1242, 350)(190, 134, 114)
(1251, 314)(221, 93, 177)
(1249, 272)(148, 219, 23)
(1277, 334)(218, 66, 70)
(1297, 316)(30, 209, 148)
(1234, 407)(192, 71, 235)
(652, 389)(33, 185, 234)
(663, 367)(93, 96, 49)
(699, 381)(61, 131, 114)
(562, 381)(144, 7, 237)
(560, 352)(58, 115, 93)
(542, 328)(188, 153, 85)
(522, 373)(201, 65, 94)
(469, 373)(236, 101, 46)
(445, 395)(44, 55, 46)
(477, 318)(162, 164, 167)
(453, 264)(127, 152, 68)
(445, 195)(205, 166, 143)
(520, 268)(30, 56, 241)
(556, 220)(102, 9, 199)
(522, 195)(97, 244, 147)
(495, 153)(133, 176, 227)
(550, 143)(213, 186, 177)
(596, 181)(141, 45, 154)
(679, 201)(124, 122, 55)
(642, 248)(124, 8, 229)
(616, 262)(153, 181, 104)
(681, 284)(104, 116, 63)
(652, 306)(150, 192, 156)
(729, 201)(25, 208, 161)
(687, 217)(81, 94, 229)
(689, 163)(59, 129, 71)
(654, 135)(62, 133, 241)
(648, 109)(152, 159, 61)
(779, 232)(105, 128, 35)
(773, 258)(230, 67, 97)
(751, 294)(24, 179, 94)
(826, 284)(78, 28, 189)
(848, 254)(1, 70, 234)
(854, 290)(21, 117, 87)
(874, 286)(172, 212, 144)
(916, 298)(245, 140, 93)
(946, 304)(101, 252, 152)
(979, 304)(40, 134, 184)
(973, 282)(141, 107, 146)
(1003, 274)(200, 101, 208)
(1045, 238)(211, 181, 44)
(1015, 232)(100, 180, 210)
(967, 240)(170, 218, 231)
(924, 224)(56, 105, 243)
(898, 228)(12, 229, 93)
(838, 179)(216, 224, 162)
(878, 149)(152, 181, 63)
(803, 183)(189, 173, 194)
(793, 111)(246, 237, 163)
(771, 101)(196, 193, 74)
(870, 131)(13, 231, 26)
(884, 103)(10, 252, 173)
(922, 143)(107, 120, 147)
(940, 129)(129, 4, 105)
(987, 145)(68, 83, 148)
(1005, 117)(205, 148, 76)
(987, 97)(103, 109, 125)
(944, 91)(90, 90, 29)
(1037, 81)(214, 57, 59)
(1049, 167)(177, 115, 28)
(1007, 187)(158, 5, 13)
(1063, 155)(11, 145, 7)
(1134, 99)(55, 190, 66)
(1176, 79)(193, 47, 48)
(1138, 167)(92, 246, 246)
(1091, 260)(92, 138, 223)
(1097, 280)(250, 209, 124)
(1067, 288)(178, 227, 93)
(1087, 306)(120, 159, 245)
(1102, 328)(79, 204, 151)
(1160, 288)(46, 17, 49)
(1160, 220)(237, 6, 56)
(1204, 193)(17, 191, 161)
(1182, 179)(122, 187, 108)
(1212, 165)(232, 230, 240)
(1180, 127)(9, 194, 6)
(1265, 149)(162, 49, 191)
(1271, 201)(209, 206, 19)
(1279, 167)(20, 212, 10)
(1293, 159)(113, 228, 230)
(1329, 143)(244, 65, 14)
(1347, 131)(79, 175, 40)
(1371, 103)(139, 68, 90)
(1341, 171)(36, 20, 120)
(1321, 193)(117, 79, 222)
(1363, 191)(50, 155, 48)
(1321, 228)(25, 153, 108)
(1321, 228)(121, 124, 34)
(1327, 260)(236, 60, 106)
(1392, 205)(240, 193, 21)
(1247, 548)(154, 197, 12)
(1359, 795)(153, 182, 196)
(1396, 725)(50, 73, 53)
