(1009, 666)(234, 127, 202)
(1042, 611)(19, 96, 219)
(1040, 565)(121, 135, 179)
(1007, 611)(243, 236, 68)
(932, 693)(208, 222, 101)
(932, 693)(88, 164, 234)
(920, 638)(34, 188, 184)
(922, 601)(184, 26, 224)
(954, 550)(248, 227, 155)
(934, 530)(203, 190, 41)
(865, 522)(54, 20, 140)
(865, 522)(128, 196, 96)
(865, 522)(77, 22, 152)
(865, 522)(52, 165, 67)
(865, 522)(41, 43, 199)
(865, 522)(178, 245, 205)
(865, 522)(43, 141, 138)
(865, 522)(104, 66, 123)
(865, 522)(213, 137, 121)
(865, 522)(177, 232, 55)
(865, 522)(181, 119, 60)
(865, 522)(48, 95, 207)
(865, 522)(29, 229, 155)
(916, 719)(154, 13, 131)
(950, 747)(197, 250, 158)
(942, 820)(76, 13, 61)
(908, 806)(136, 240, 56)
(924, 851)(80, 109, 248)
(869, 800)(98, 35, 47)
(853, 820)(201, 119, 163)
(904, 942)(29, 145, 86)
(894, 918)(84, 25, 159)
(875, 926)(193, 118, 231)
(1024, 863)(73, 56, 191)
(1009, 841)(61, 90, 232)
(995, 961)(222, 19, 36)
(1017, 961)(211, 183, 202)
(1044, 954)(229, 71, 206)
(1076, 969)(172, 187, 228)
(887, 869)(109, 218, 172)
(859, 883)(209, 228, 87)
(845, 857)(171, 81, 70)
(829, 904)(89, 7, 147)
(806, 922)(129, 205, 176)
(827, 981)(140, 106, 16)
(892, 987)(17, 177, 164)
(1064, 1023)(162, 229, 23)
(1074, 1050)(152, 157, 138)
(1107, 1042)(85, 84, 146)
(1103, 1024)(128, 22, 136)
(1038, 1095)(110, 112, 74)
(1111, 1101)(58, 234, 17)
(1058, 1160)(40, 1, 243)
(1013, 1172)(242, 64, 24)
(942, 1162)(233, 131, 70)
(956, 1162)(99, 172, 50)
(887, 1115)(86, 122, 97)
(912, 1103)(67, 123, 28)
(924, 1176)(62, 119, 45)
(934, 1216)(235, 122, 105)
(879, 1214)(197, 50, 194)
(873, 1231)(80, 178, 24)
(875, 1314)(130, 136, 250)
(934, 1324)(45, 242, 226)
(912, 1281)(82, 202, 120)
(818, 1342)(103, 178, 227)
(798, 1342)(26, 152, 230)
(814, 1261)(11, 167, 150)
(780, 1312)(53, 252, 111)
(719, 1353)(3, 248, 93)
(739, 1369)(217, 187, 185)
(772, 1279)(134, 214, 34)
(701, 1296)(114, 28, 68)
(670, 1255)(128, 56, 181)
(599, 1350)(34, 68, 2)
(762, 1247)(94, 3, 4)
(768, 1221)(37, 172, 211)
(747, 1221)(195, 206, 132)
(713, 1227)(43, 228, 142)
(697, 1220)(74, 88, 93)
(688, 1149)(9, 25, 27)
(717, 1109)(224, 84, 178)
(786, 1084)(96, 114, 231)
(733, 1084)(138, 171, 117)
(695, 1080)(191, 230, 215)
(688, 1058)(162, 151, 42)
(715, 1042)(97, 183, 55)
(638, 1072)(224, 11, 204)
(611, 1127)(217, 27, 19)
(593, 1143)(155, 227, 66)
(579, 1162)(131, 45, 118)
(611, 1229)(85, 252, 148)
(589, 1225)(129, 57, 199)
(567, 1204)(13, 67, 79)
(552, 1227)(57, 20, 223)
(544, 1253)(80, 241, 92)
(518, 1288)(236, 113, 249)
(510, 1241)(250, 191, 24)
(495, 1194)(33, 230, 68)
(530, 1182)(44, 71, 167)
(487, 1172)(6, 38, 101)
(554, 1139)(70, 61, 20)
(522, 1139)(89, 168, 146)
(540, 1066)(248, 18, 113)
(778, 1178)(78, 2, 114)
(455, 1361)(236, 62, 242)
(392, 1352)(189, 162, 186)
(294, 1350)(200, 161, 140)
(276, 1359)(29, 200, 49)
(215, 1314)(238, 1, 96)
(197, 1336)(226, 91, 32)
(165, 1263)(202, 192, 20)
(225, 1283)(37, 246, 1)
(234, 1267)(4, 238, 133)
(276, 1253)(97, 115, 181)
(305, 1269)(123, 151, 66)
(264, 1310)(12, 132, 72)
(388, 1312)(136, 128, 91)
(368, 1277)(20, 14, 246)
(408, 1247)(131, 42, 221)
(420, 1223)(135, 158, 188)
(422, 1198)(23, 172, 15)
(353, 1198)(19, 219, 103)
(343, 1176)(13, 167, 4)
(353, 1153)(85, 158, 16)
(353, 1101)(71, 171, 39)
(278, 1137)(183, 207, 128)
(227, 1166)(48, 54, 97)
(229, 1210)(218, 233, 1)
(238, 1133)(196, 76, 200)
(209, 1151)(182, 135, 66)
(183, 1131)(43, 163, 125)
(221, 1086)(108, 240, 63)
(175, 1082)(230, 102, 173)
(355, 1072)(177, 70, 104)
(366, 1046)(154, 242, 55)
(406, 1074)(250, 109, 228)
(441, 1060)(103, 132, 8)
(431, 1030)(120, 71, 21)
(380, 1026)(134, 248, 247)
(349, 1026)(221, 27, 120)
(329, 1005)(58, 109, 92)
(296, 997)(237, 235, 191)
(236, 1024)(232, 205, 46)
(262, 987)(152, 99, 29)
(203, 1005)(63, 229, 209)
(183, 963)(135, 53, 56)
(191, 932)(245, 133, 46)
(187, 881)(221, 133, 140)
(244, 938)(87, 131, 158)
(256, 873)(14, 15, 16)
(286, 910)(161, 57, 96)
(296, 851)(75, 195, 248)
(290, 794)(66, 119, 17)
(264, 800)(203, 105, 98)
(254, 778)(228, 15, 223)
(296, 745)(124, 110, 245)
(331, 760)(157, 191, 91)
(396, 760)(57, 26, 182)
(404, 780)(31, 113, 124)
(429, 780)(136, 4, 9)
(422, 810)(168, 28, 179)
(372, 835)(188, 106, 193)
(353, 818)(75, 56, 172)
(351, 873)(198, 85, 98)
(366, 946)(172, 140, 63)
(364, 914)(11, 101, 203)
(400, 914)(238, 8, 238)
(435, 892)(199, 18, 154)
(459, 859)(35, 66, 245)
(408, 839)(62, 75, 32)
(453, 963)(28, 182, 240)
(477, 1009)(77, 102, 65)
(424, 987)(1, 0, 132)
(382, 983)(221, 49, 210)
(416, 950)(163, 47, 157)
(502, 995)(139, 226, 46)
(512, 977)(104, 128, 90)
(500, 932)(203, 234, 106)
(573, 1005)(85, 187, 29)
(552, 997)(176, 224, 39)
(552, 971)(54, 38, 241)
(581, 985)(219, 203, 58)
(650, 1005)(169, 68, 213)
(672, 989)(94, 254, 147)
(693, 973)(82, 45, 245)
(668, 967)(60, 150, 103)
(650, 979)(6, 58, 29)
(621, 967)(32, 133, 8)
(627, 954)(92, 77, 146)
(609, 932)(131, 214, 227)
(585, 930)(175, 62, 206)
(615, 906)(144, 205, 89)
(727, 965)(56, 198, 210)
(676, 944)(170, 211, 85)
(780, 969)(218, 189, 20)
(782, 928)(68, 70, 179)
(776, 916)(153, 154, 237)
(762, 889)(199, 225, 203)
(739, 869)(117, 179, 25)
(739, 837)(131, 150, 140)
(699, 839)(53, 32, 165)
(670, 814)(26, 179, 119)
(660, 847)(39, 12, 97)
(642, 859)(113, 49, 73)
(627, 853)(71, 233, 251)
(640, 827)(109, 69, 242)
(558, 843)(252, 23, 179)
(554, 788)(119, 206, 83)
(524, 800)(149, 232, 17)
(510, 816)(217, 91, 122)
(487, 784)(18, 164, 162)
(544, 749)(228, 245, 46)
(522, 725)(65, 237, 8)
(601, 753)(102, 245, 143)
(621, 729)(188, 63, 132)
(579, 737)(0, 250, 103)
(662, 762)(123, 186, 83)
(727, 776)(68, 127, 148)
(766, 804)(193, 38, 172)
(816, 757)(137, 128, 207)
(800, 729)(179, 73, 225)
(827, 827)(97, 123, 38)
(686, 871)(157, 160, 97)
(764, 1019)(229, 168, 56)
(985, 900)(78, 193, 91)
(1024, 904)(71, 2, 13)
(930, 1044)(225, 224, 166)
(837, 1174)(66, 33, 88)
(804, 1214)(228, 156, 216)
(1107, 1281)(110, 66, 195)
(1082, 1251)(244, 151, 222)
(1115, 1237)(80, 195, 96)
(1139, 1229)(33, 54, 89)
(1105, 1156)(90, 70, 71)
(1143, 1194)(31, 196, 45)
(1147, 1162)(107, 80, 36)
(1174, 1172)(117, 210, 212)
(1143, 1135)(155, 48, 133)
(1131, 1082)(34, 120, 79)
(1166, 1044)(91, 78, 34)
(1206, 1109)(203, 157, 159)
(1196, 1080)(181, 158, 114)
(1265, 1103)(187, 99, 172)
(1243, 1186)(157, 250, 58)
(1237, 1208)(157, 101, 5)
(1255, 1227)(134, 116, 35)
(1229, 1233)(90, 105, 106)
(1225, 1255)(243, 232, 200)
(1143, 1287)(53, 5, 181)
(1151, 1306)(47, 192, 193)
(1214, 1314)(154, 104, 84)
(1156, 1332)(141, 86, 219)
(1113, 1344)(226, 160, 243)
(1105, 1365)(240, 21, 101)
(1068, 1365)(233, 219, 18)
(1227, 1363)(49, 196, 131)
(1269, 1350)(239, 235, 16)
(1227, 1340)(107, 75, 46)
(1363, 1350)(154, 172, 109)
(1322, 1324)(0, 176, 47)
(1332, 1302)(162, 31, 33)
(1355, 1287)(179, 164, 201)
(1273, 1261)(189, 90, 162)
(1312, 1247)(38, 123, 78)
(1361, 1231)(247, 110, 169)
(1440, 1271)(5, 128, 4)
(1452, 1373)(207, 236, 55)
(1432, 1247)(52, 119, 102)
(1419, 1216)(81, 158, 245)
(1446, 1218)(140, 27, 194)
(1407, 1176)(72, 89, 2)
(1357, 1172)(111, 134, 185)
(1281, 1164)(73, 240, 66)
(1336, 1115)(165, 237, 13)
(1332, 1080)(34, 26, 199)
(1363, 1068)(18, 46, 167)
(1361, 1133)(202, 131, 93)
(1399, 1131)(6, 213, 93)
(1428, 1058)(31, 136, 227)
(1442, 1095)(25, 1, 77)
(1424, 1030)(236, 231, 153)
(1395, 1017)(31, 224, 120)
(1324, 1011)(217, 149, 253)
(1332, 975)(95, 141, 128)
(1285, 1005)(14, 77, 33)
(1237, 1034)(85, 44, 47)
(1210, 989)(126, 73, 200)
(1166, 979)(177, 59, 3)
(1117, 989)(6, 95, 18)
(1131, 963)(198, 121, 203)
(1168, 926)(189, 43, 240)
(1231, 956)(70, 161, 230)
(1263, 952)(144, 201, 122)
(1292, 944)(26, 245, 46)
(1294, 912)(125, 236, 16)
(1227, 930)(40, 17, 150)
(1206, 898)(232, 177, 57)
(1184, 904)(6, 89, 72)
(1155, 871)(160, 215, 174)
(1155, 855)(178, 222, 193)
(1093, 861)(65, 227, 149)
(1111, 824)(124, 44, 160)
(1271, 857)(207, 126, 107)
(1304, 853)(57, 62, 26)
(1279, 839)(126, 42, 245)
(1330, 857)(208, 35, 157)
(1328, 822)(120, 138, 46)
(1292, 804)(112, 242, 227)
(1395, 810)(153, 161, 205)
(1385, 894)(252, 188, 252)
(1204, 869)(17, 131, 164)
(1330, 737)(119, 94, 97)
(1389, 699)(58, 254, 161)
(1415, 707)(49, 46, 209)
(1391, 666)(45, 217, 217)
(1391, 648)(30, 176, 182)
(1434, 656)(21, 6, 206)
(1371, 621)(186, 82, 142)
(1253, 690)(51, 174, 103)
(1283, 693)(168, 176, 32)
(1233, 713)(112, 19, 197)
(1184, 650)(174, 169, 90)
(1113, 654)(0, 221, 217)
(1133, 627)(182, 132, 97)
(1216, 607)(202, 20, 171)
(1243, 625)(114, 215, 232)
(1265, 646)(46, 182, 127)
(1296, 658)(156, 204, 238)
(1320, 638)(109, 140, 25)
(1328, 589)(231, 66, 218)
(1401, 560)(64, 107, 196)
(1369, 518)(183, 199, 17)
(1308, 506)(233, 44, 40)
(1279, 534)(105, 164, 67)
(1251, 556)(8, 26, 108)
(1273, 577)(27, 193, 132)
(1198, 528)(176, 245, 208)
(1188, 504)(52, 20, 109)
(1113, 530)(9, 123, 154)
(1109, 556)(250, 152, 131)
(1115, 489)(82, 69, 239)
(1153, 477)(82, 117, 154)
(1178, 441)(237, 17, 77)
(1241, 422)(8, 113, 39)
(1283, 465)(108, 141, 240)
(1292, 479)(216, 177, 131)
(1318, 463)(79, 139, 65)
(1346, 433)(164, 110, 219)
(1350, 467)(30, 201, 145)
(1330, 414)(117, 133, 154)
(871, 648)(183, 189, 41)
(833, 682)(10, 131, 213)
(812, 638)(193, 73, 167)
(764, 684)(249, 2, 218)
(743, 650)(1, 71, 226)
(723, 701)(199, 243, 207)
(692, 654)(51, 17, 202)
(682, 623)(189, 196, 183)
(664, 640)(42, 127, 242)
(644, 672)(191, 68, 67)
(607, 709)(4, 104, 240)
(603, 674)(62, 24, 196)
(556, 703)(14, 244, 229)
(556, 674)(133, 195, 72)
(560, 652)(37, 70, 215)
(585, 640)(97, 228, 221)
(577, 603)(124, 110, 94)
(581, 585)(214, 166, 161)
(646, 597)(20, 135, 102)
(721, 599)(49, 174, 49)
(764, 601)(79, 188, 212)
(766, 542)(149, 29, 194)
(705, 528)(185, 204, 163)
(725, 512)(80, 215, 89)
(707, 496)(128, 46, 95)
(579, 546)(17, 37, 7)
(623, 546)(162, 40, 69)
(561, 518)(158, 84, 76)
(542, 516)(41, 146, 144)
(514, 530)(214, 97, 78)
(556, 571)(221, 98, 104)
(514, 609)(156, 34, 105)
(437, 642)(176, 102, 122)
(457, 593)(78, 203, 210)
(264, 727)(169, 156, 2)
(225, 701)(180, 246, 5)
(246, 652)(150, 193, 75)
(179, 644)(246, 209, 171)
(183, 599)(220, 220, 31)
(219, 585)(134, 233, 76)
(189, 552)(231, 7, 127)
(162, 528)(165, 34, 31)
(169, 471)(189, 46, 167)
(229, 495)(33, 166, 179)
(232, 433)(96, 175, 77)
(276, 496)(41, 188, 230)
(288, 467)(83, 205, 43)
(339, 473)(77, 78, 198)
(366, 463)(139, 106, 147)
(294, 597)(85, 63, 237)
(309, 636)(145, 42, 210)
(333, 642)(179, 82, 82)
(329, 690)(197, 143, 13)
(345, 695)(40, 149, 19)
(317, 705)(156, 21, 136)
(366, 660)(228, 235, 179)
(388, 666)(33, 117, 139)
(404, 632)(163, 250, 2)
(384, 619)(225, 21, 121)
(402, 556)(168, 169, 216)
(380, 508)(113, 77, 190)
(447, 526)(104, 133, 248)
(439, 561)(130, 42, 9)
(849, 552)(92, 156, 5)
(804, 485)(100, 128, 128)
(839, 449)(137, 90, 158)
(776, 447)(161, 103, 26)
(1058, 508)(166, 119, 133)
(1001, 473)(133, 59, 193)
(997, 437)(90, 131, 28)
(934, 422)(42, 27, 94)
(900, 414)(93, 41, 160)
(857, 364)(220, 229, 154)
(875, 349)(3, 207, 46)
(855, 335)(247, 24, 17)
(772, 341)(228, 125, 4)
(770, 311)(80, 22, 160)
(757, 363)(250, 102, 83)
(808, 246)(78, 202, 163)
(808, 221)(27, 7, 41)
(879, 274)(109, 112, 243)
(908, 231)(42, 212, 147)
(959, 290)(232, 40, 109)
(1013, 343)(44, 136, 222)
(1143, 363)(17, 183, 254)
(1178, 380)(183, 158, 253)
(1180, 347)(12, 121, 141)
(1251, 378)(179, 136, 214)
(1259, 351)(231, 16, 93)
(1279, 378)(248, 66, 159)
(1312, 305)(206, 218, 194)
(1334, 299)(44, 153, 135)
(1361, 268)(19, 166, 248)
(1377, 319)(97, 153, 125)
(1387, 337)(248, 141, 128)
(1359, 209)(38, 78, 254)
(1371, 156)(113, 67, 89)
(1257, 189)(198, 44, 238)
(1281, 142)(198, 200, 67)
(1210, 144)(123, 134, 10)
(1182, 154)(95, 41, 90)
(1235, 95)(201, 140, 217)
(1304, 81)(167, 153, 172)
(1363, 114)(159, 194, 224)
(1129, 266)(201, 112, 80)
(1091, 252)(139, 141, 117)
(1088, 179)(77, 47, 110)
(1162, 93)(18, 126, 174)
(1184, 100)(246, 59, 234)
(1123, 102)(179, 233, 66)
(1216, 227)(1, 218, 112)
(1123, 325)(82, 142, 213)
(1015, 215)(9, 62, 75)
(1011, 169)(125, 73, 211)
(1007, 114)(207, 225, 248)
(926, 106)(96, 167, 143)
(940, 146)(43, 239, 55)
(956, 205)(89, 111, 232)
(875, 154)(57, 31, 222)
(845, 169)(124, 125, 193)
(735, 152)(9, 189, 238)
(731, 229)(19, 154, 162)
(796, 99)(107, 237, 247)
(705, 112)(35, 146, 117)
(625, 110)(6, 27, 184)
(660, 114)(217, 227, 215)
(605, 167)(36, 74, 139)
(607, 211)(63, 242, 49)
(640, 209)(183, 59, 234)
(699, 209)(245, 219, 175)
(662, 256)(119, 95, 160)
(623, 270)(50, 210, 49)
(646, 309)(23, 176, 70)
(625, 361)(60, 139, 49)
(619, 400)(153, 206, 199)
(693, 394)(40, 68, 141)
(640, 422)(202, 230, 78)
(569, 433)(39, 168, 88)
(556, 380)(181, 179, 250)
(538, 394)(110, 147, 169)
(544, 361)(129, 114, 223)
(510, 376)(22, 73, 148)
(485, 406)(98, 194, 201)
(483, 457)(7, 184, 26)
(493, 359)(168, 248, 179)
(510, 337)(155, 101, 97)
(508, 286)(148, 220, 118)
(550, 299)(111, 8, 156)
(544, 272)(236, 61, 49)
(561, 258)(107, 59, 58)
(581, 280)(245, 59, 207)
(599, 297)(204, 11, 145)
(569, 207)(168, 85, 15)
(560, 156)(8, 75, 156)
(532, 173)(99, 190, 176)
(516, 179)(58, 242, 184)
(500, 167)(29, 142, 167)
(506, 122)(206, 208, 225)
(481, 244)(7, 194, 57)
(475, 329)(50, 181, 248)
(457, 313)(68, 163, 231)
(443, 345)(95, 184, 194)
(422, 394)(246, 231, 98)
(441, 414)(15, 40, 81)
(447, 258)(241, 19, 2)
(435, 211)(153, 219, 168)
(445, 201)(164, 35, 248)
(443, 160)(20, 224, 23)
(412, 152)(163, 167, 233)
(359, 207)(23, 253, 97)
(374, 242)(106, 43, 59)
(402, 278)(102, 74, 246)
(378, 294)(246, 159, 171)
(400, 307)(116, 45, 18)
(388, 327)(243, 42, 162)
(305, 378)(226, 134, 71)
(321, 406)(108, 103, 230)
(266, 400)(224, 71, 23)
(240, 361)(190, 248, 98)
(221, 368)(208, 143, 81)
(167, 374)(34, 123, 141)
(156, 357)(123, 1, 12)
(219, 296)(172, 92, 113)
(236, 284)(151, 91, 102)
(215, 266)(214, 123, 227)
(162, 242)(224, 150, 0)
(181, 201)(36, 148, 67)
(154, 201)(202, 68, 45)
(250, 195)(161, 174, 152)
(154, 162)(135, 220, 240)
(276, 138)(83, 44, 118)
(297, 150)(23, 242, 32)
(319, 150)(137, 136, 35)
(313, 126)(53, 154, 213)
(292, 341)(10, 95, 200)
(256, 347)(95, 249, 208)
(317, 319)(246, 34, 81)
(262, 296)(150, 109, 144)
(711, 429)(12, 20, 4)
(550, 467)(166, 46, 217)
