(472, 371)(224, 186, 55)
(432, 374)(168, 195, 232)
(706, 240)(150, 77, 216)
(712, 216)(28, 188, 24)
(846, 344)(145, 211, 16)
(947, 347)(151, 153, 229)
(1075, 280)(9, 70, 28)
(1047, 463)(15, 199, 132)
(743, 472)(183, 139, 63)
(566, 575)(232, 22, 215)
(539, 627)(211, 197, 207)
(368, 606)(168, 72, 133)
(323, 587)(83, 101, 112)
(310, 731)(152, 24, 12)
(569, 740)(181, 189, 106)
(457, 749)(24, 14, 90)
(648, 892)(18, 81, 164)
(740, 782)(150, 26, 105)
(740, 740)(122, 126, 78)
(548, 956)(155, 138, 176)
(399, 959)(34, 184, 65)
(326, 919)(110, 240, 199)
(487, 1059)(84, 69, 6)
(895, 898)(253, 84, 130)
(852, 743)(146, 35, 15)
(822, 682)(200, 214, 9)
(889, 636)(80, 96, 19)
(953, 767)(50, 105, 83)
(1053, 782)(22, 79, 67)
(1138, 788)(158, 147, 100)
(1190, 557)(239, 211, 69)
(1126, 542)(114, 87, 164)
(1132, 651)(167, 124, 54)
(1339, 447)(9, 219, 140)
(1294, 338)(89, 98, 154)
(1294, 240)(125, 16, 133)
(1376, 195)(10, 77, 207)
(1382, 307)(253, 71, 203)
(1488, 335)(85, 144, 242)
(1565, 219)(171, 143, 139)
(1583, 192)(180, 59, 183)
(1659, 247)(3, 221, 140)
(1647, 320)(15, 124, 10)
(1738, 222)(204, 39, 74)
(1817, 177)(186, 160, 38)
(2042, 170)(130, 120, 150)
(2116, 143)(220, 31, 123)
(1915, 426)(19, 246, 176)
(1954, 253)(181, 5, 116)
(2106, 487)(97, 161, 185)
(2176, 450)(99, 192, 96)
(1921, 563)(117, 155, 254)
(1887, 600)(223, 172, 71)
(1872, 563)(78, 138, 101)
(1817, 484)(214, 75, 91)
(1711, 478)(66, 40, 114)
(1720, 420)(96, 18, 48)
(1674, 393)(57, 167, 213)
(1729, 521)(228, 0, 15)
(1534, 536)(18, 183, 38)
(1409, 511)(173, 233, 19)
(1166, 487)(9, 211, 141)
(974, 423)(209, 194, 70)
(1434, 435)(174, 38, 39)
(1516, 648)(70, 167, 176)
(1479, 727)(78, 159, 206)
(1385, 782)(221, 13, 220)
(1288, 654)(86, 4, 207)
(1455, 776)(112, 213, 142)
(1656, 743)(167, 227, 130)
(1641, 657)(152, 162, 223)
(1793, 755)(187, 88, 95)
(1814, 700)(154, 2, 216)
(1854, 639)(36, 158, 91)
(1972, 661)(60, 95, 112)
(2125, 654)(11, 82, 53)
(1863, 737)(150, 154, 59)
(1890, 816)(182, 18, 156)
(2070, 1032)(37, 251, 209)
(2125, 980)(26, 110, 73)
(2134, 913)(152, 216, 243)
(1905, 1172)(200, 37, 160)
(1805, 1272)(206, 28, 187)
(1787, 1382)(228, 172, 33)
(1912, 1482)(184, 97, 95)
(2055, 1461)(144, 122, 18)
(2131, 1440)(113, 166, 126)
(2116, 1376)(105, 48, 81)
(2076, 1686)(201, 63, 253)
(2070, 1638)(240, 68, 117)
(2173, 1607)(44, 103, 21)
(1982, 1699)(82, 41, 18)
(1890, 1686)(40, 121, 45)
(1805, 1607)(234, 147, 198)
(1741, 1619)(239, 55, 146)
(1711, 1568)(211, 217, 252)
(1915, 1790)(99, 98, 104)
(1787, 1921)(138, 85, 224)
(1738, 1832)(97, 153, 197)
(1759, 1796)(243, 136, 201)
(1604, 2058)(59, 14, 216)
(1555, 1933)(83, 173, 86)
(1644, 1845)(29, 23, 34)
(1461, 1708)(249, 183, 181)
(1467, 1784)(105, 223, 72)
(1443, 1775)(183, 170, 107)
(1361, 1750)(146, 146, 47)
(1665, 1607)(157, 6, 65)
(1321, 1994)(76, 146, 198)
(1330, 1921)(249, 204, 209)
(1221, 2033)(63, 83, 246)
(1199, 1735)(247, 211, 95)
(1056, 1808)(208, 119, 9)
(907, 1839)(218, 127, 17)
(864, 1668)(15, 40, 131)
(822, 1641)(54, 8, 133)
(767, 1820)(182, 54, 57)
(691, 1930)(137, 226, 136)
(444, 1994)(201, 124, 168)
(317, 1759)(103, 93, 51)
(359, 1778)(205, 37, 182)
(317, 1680)(140, 217, 244)
(326, 1583)(188, 172, 181)
(450, 1729)(226, 223, 102)
(545, 1665)(243, 129, 69)
(542, 1796)(176, 152, 135)
(621, 1574)(219, 125, 207)
(329, 1537)(204, 94, 133)
(304, 1476)(10, 251, 65)
(310, 1187)(100, 186, 158)
(411, 1263)(142, 163, 114)
(438, 1266)(13, 78, 240)
(508, 1126)(17, 102, 82)
(639, 1062)(246, 68, 154)
(1035, 898)(220, 245, 14)
(1062, 956)(198, 56, 56)
(1245, 962)(222, 173, 163)
(1379, 974)(125, 170, 239)
(1446, 1038)(140, 45, 150)
(1595, 1154)(61, 180, 162)
(1635, 1163)(166, 167, 240)
(1285, 1285)(103, 34, 76)
(1263, 1221)(125, 4, 200)
(1111, 1211)(63, 202, 247)
(1093, 1245)(173, 234, 84)
(1114, 1105)(89, 112, 160)
(928, 1099)(227, 212, 144)
(904, 1160)(99, 242, 107)
(813, 1169)(47, 137, 253)
(724, 1211)(41, 213, 204)
(746, 1257)(90, 200, 99)
(773, 1275)(233, 166, 143)
(938, 1221)(230, 85, 215)
(925, 1351)(211, 221, 169)
(925, 1385)(1, 56, 159)
(1014, 1431)(157, 104, 17)
(1004, 1473)(63, 188, 60)
(1035, 1504)(17, 107, 192)
(834, 1513)(69, 233, 252)
(715, 1519)(75, 101, 54)
(627, 1485)(82, 234, 229)
(636, 1781)(103, 180, 20)
(432, 1452)(156, 2, 219)
(1157, 1549)(231, 59, 60)
(1202, 1504)(69, 35, 82)
(1239, 1492)(60, 102, 239)
(1525, 1507)(169, 200, 6)
(1534, 1443)(70, 57, 113)
(1580, 2018)(121, 90, 113)
(1364, 1443)(115, 94, 114)
