(279, 419)(134, 226, 49)
(447, 467)(4, 220, 25)
(293, 562)(223, 23, 98)
(241, 642)(117, 69, 229)
(248, 740)(124, 104, 6)
(258, 801)(135, 98, 117)
(245, 787)(33, 110, 156)
(373, 712)(4, 232, 185)
(405, 740)(142, 117, 39)
(457, 774)(70, 153, 205)
(478, 813)(126, 127, 1)
(527, 858)(27, 73, 17)
(621, 471)(154, 16, 75)
(572, 384)(57, 62, 198)
(474, 506)(69, 15, 156)
(757, 331)(45, 221, 218)
(802, 502)(23, 102, 98)
(816, 617)(19, 216, 54)
(774, 715)(132, 137, 137)
(879, 813)(143, 73, 180)
(984, 778)(29, 79, 145)
(977, 680)(235, 128, 99)
(1054, 841)(99, 138, 140)
(1071, 788)(243, 172, 210)
(1071, 680)(167, 69, 221)
(1102, 656)(161, 44, 254)
(1176, 635)(226, 75, 160)
(1190, 436)(60, 44, 42)
(1259, 509)(93, 213, 2)
(1298, 569)(132, 42, 246)
(1378, 324)(210, 54, 22)
(1469, 366)(10, 48, 61)
(1479, 290)(38, 20, 231)
(1612, 290)(217, 172, 230)
(1689, 359)(67, 46, 173)
(1636, 433)(139, 179, 128)
(1643, 405)(127, 213, 184)
(1880, 422)(40, 124, 145)
(1961, 471)(17, 118, 83)
(2016, 593)(99, 121, 10)
(2041, 670)(113, 158, 172)
(2002, 701)(21, 127, 109)
(1692, 569)(36, 214, 250)
(1615, 621)(2, 200, 253)
(1395, 705)(146, 208, 214)
(1375, 663)(20, 9, 226)
(1633, 778)(163, 235, 59)
(1514, 837)(254, 45, 232)
(1856, 886)(88, 102, 214)
(2027, 935)(115, 252, 100)
(1814, 1040)(205, 23, 120)
(1849, 1071)(137, 39, 210)
(2013, 1095)(184, 154, 226)
(1866, 1200)(54, 3, 65)
(1811, 1308)(113, 63, 68)
(1643, 1088)(62, 220, 33)
(1727, 1385)(26, 44, 123)
(1783, 1451)(51, 167, 83)
(1940, 1465)(191, 140, 158)
(2030, 1343)(180, 147, 177)
(2044, 1242)(239, 125, 242)
(1934, 1430)(218, 203, 199)
(1950, 1723)(87, 211, 252)
(1933, 1682)(120, 112, 164)
(1873, 1671)(27, 77, 6)
(1811, 1709)(44, 161, 127)
(1877, 1765)(32, 6, 183)
(1713, 1751)(171, 33, 228)
(1633, 1647)(221, 22, 110)
(1468, 1613)(89, 37, 110)
(1529, 1608)(204, 139, 105)
(1567, 1528)(55, 188, 63)
(1468, 1495)(83, 26, 132)
(1667, 1559)(23, 131, 204)
(1791, 1504)(240, 3, 113)
(1831, 956)(120, 237, 220)
(1982, 965)(160, 162, 65)
(1549, 647)(195, 185, 177)
(1369, 1038)(199, 59, 184)
(1359, 1062)(28, 138, 194)
(1299, 969)(136, 184, 105)
(1186, 920)(195, 73, 82)
(1160, 907)(21, 42, 115)
(1273, 908)(90, 170, 123)
(1375, 915)(106, 177, 162)
(1270, 1120)(183, 193, 47)
(1326, 1169)(190, 76, 72)
(1399, 1232)(90, 5, 226)
(1312, 1326)(54, 71, 94)
(1245, 1416)(111, 61, 116)
(1211, 1472)(35, 56, 231)
(1252, 1500)(117, 47, 194)
(1322, 1594)(202, 36, 153)
(1081, 1605)(43, 182, 93)
(1102, 1570)(245, 144, 231)
(1081, 1364)(214, 158, 98)
(1005, 1382)(16, 127, 54)
(1005, 1343)(114, 223, 122)
(977, 1291)(21, 230, 24)
(963, 1249)(154, 86, 250)
(928, 1169)(177, 189, 149)
(942, 1061)(219, 14, 182)
(869, 1012)(164, 85, 176)
(722, 1075)(126, 30, 34)
(628, 1179)(115, 30, 10)
(569, 1120)(147, 220, 46)
(590, 1008)(59, 217, 39)
(750, 848)(96, 230, 66)
(918, 928)(209, 137, 43)
(481, 1249)(53, 37, 83)
(307, 1437)(218, 130, 83)
(276, 1528)(170, 134, 186)
(307, 1615)(41, 210, 1)
(349, 1682)(105, 180, 122)
(244, 1818)(82, 115, 65)
(227, 1905)(205, 177, 252)
(324, 1933)(250, 199, 240)
(349, 1894)(136, 152, 227)
(443, 1772)(102, 87, 95)
(422, 1744)(3, 153, 208)
(604, 1846)(82, 81, 92)
(509, 1657)(155, 195, 130)
(530, 1622)(86, 141, 73)
(461, 1591)(125, 184, 243)
(579, 1580)(104, 113, 92)
(548, 1486)(198, 231, 234)
(621, 1476)(160, 117, 181)
(656, 1406)(45, 14, 249)
(698, 1483)(61, 99, 183)
(928, 1908)(122, 201, 29)
(900, 1790)(121, 114, 95)
(1033, 1849)(6, 234, 102)
(984, 1832)(187, 167, 78)
(1001, 1807)(160, 43, 3)
(1127, 1999)(195, 18, 96)
(1099, 2111)(140, 136, 8)
(886, 1601)(80, 229, 251)
(914, 1500)(202, 43, 52)
(802, 1507)(81, 182, 125)
(921, 1430)(226, 216, 19)
(848, 1399)(92, 2, 65)
(862, 1242)(226, 185, 144)
(719, 1563)(219, 216, 31)
(1225, 2006)(152, 236, 132)
(1197, 1982)(219, 101, 23)
(1169, 2048)(223, 24, 198)
(1108, 2092)(220, 218, 105)
(1177, 2086)(216, 50, 193)
(1350, 2115)(50, 178, 227)
(1361, 2090)(50, 55, 233)
(1463, 2058)(137, 64, 203)
(1522, 1918)(84, 240, 71)
(1480, 1867)(241, 41, 75)
(1228, 1814)(251, 118, 132)
(1194, 1900)(172, 64, 86)
(1237, 1971)(204, 33, 207)
(1751, 2152)(180, 203, 245)
(2013, 2135)(162, 208, 167)
(1996, 2051)(226, 183, 88)
(1982, 1992)(0, 36, 6)
(2037, 2020)(57, 103, 67)
(2027, 1975)(114, 254, 57)
(1933, 1940)(181, 203, 126)
(1807, 1975)(172, 241, 28)
(1692, 1863)(203, 74, 53)
(1130, 301)(195, 232, 153)
(1082, 299)(124, 147, 145)
(1693, 267)(105, 166, 156)
(954, 936)(81, 36, 142)
